64
TRAINING LOSS
0.24266047775745392
0.2411409169435501
0.23828478157520294
0.23428180813789368
0.22932168841362
0.22358912229537964
0.21725960075855255
0.2104964256286621
0.20344868302345276
0.19624997675418854
0.189017653465271
0.18185286223888397
0.17484088242053986
0.16805167496204376
0.16154107451438904
0.15535171329975128
0.1495143473148346
0.14404913783073425
0.1389671117067337
0.13427124917507172
0.12995795905590057
0.12601813673973083
0.12243833392858505
0.11920171231031418
0.11628901958465576
0.11367926001548767
0.11135057359933853
0.10928063094615936
0.10744722187519073
0.1058286502957344
0.10440400242805481
0.10315342247486115
0.1020582988858223
0.10110132396221161
0.10026661306619644
0.09953963756561279
0.09890735894441605
0.09835805743932724
0.09788128733634949
0.09746786952018738
0.09710976481437683
0.09679992496967316
0.09653226286172867
0.09630154073238373
0.09610322117805481
0.0959334447979927
0.09578893333673477
0.09566681832075119
0.09556472301483154
0.0954805240035057
0.09541241079568863
0.09535884112119675
0.09531836956739426
0.09528978914022446
0.09527193009853363
0.0952637791633606
0.09526432305574417
0.09527266770601273
0.09528792649507523
0.09530925750732422
0.09533582627773285
0.09536688029766083
0.09540164470672607
0.0954393744468689
VALIDATION LOSS
0.21230638027191162
0.20964589715003967
0.20592047274112701
0.2013099193572998
0.19598956406116486
0.19012604653835297
0.18387441337108612
0.17737601697444916
0.17075717449188232
0.16412869095802307
0.15758545696735382
0.1512070745229721
0.14505834877490997
0.13919036090373993
0.13364149630069733
0.12843868136405945
0.12359873205423355
0.11912952363491058
0.11503153294324875
0.1112988218665123
0.1079203337430954
0.10488103330135345
0.10216271132230759
0.09974504262208939
0.09760627895593643
0.095723956823349
0.09407538175582886
0.09263820201158524
0.0913907065987587
0.09031219035387039
0.08938311785459518
0.08858530968427658
0.0879019945859909
0.08731795102357864
0.08681943267583847
0.08639416098594666
0.08603127300739288
0.08572126179933548
0.08545589447021484
0.08522804081439972
0.08503171056509018
0.08486176282167435
0.08471398055553436
0.0845848098397255
0.08447139710187912
0.08437138050794601
0.08428288996219635
0.08420440554618835
0.08413472771644592
0.08407293260097504
0.08401822298765182
0.08397002518177032
0.08392781764268875
0.08389119058847427
0.08385975658893585
0.08383319526910782
0.08381117880344391
0.08379335701465607
0.08377942442893982
0.0837690457701683
0.08376186341047287
0.08375752717256546
0.08375566452741623
0.08375591784715652
