300
TRAINING LOSS
1.4328270554542542
1.2911141455173492
1.0505882859230042
0.7673945605754853
0.49658855199813845
0.28094958066940307
0.1446015164256096
0.0916952833533287
0.10936319231986999
0.17353812605142593
0.25597583651542666
0.3308603137731552
0.37968687117099764
0.3936662197113037
0.3735593676567078
0.3274677902460098
0.26749231219291686
0.2062589183449745
0.15411847680807114
0.11748064607381821
0.09836885184049607
0.0949931874871254
0.10297254174947738
0.11679771244525909
0.1311815693974495
0.14205298572778702
0.1470800369977951
0.14572750329971312
0.13894393742084504
0.12862437665462495
0.11700628697872162
0.10613442212343216
0.09748630523681641
0.09179799407720565
0.08908069431781769
0.08878209143877029
0.09002683460712432
0.0918686956167221
0.09349922686815262
0.09437939971685409
0.09428420215845108
0.09327111840248108
0.09159702062606812
0.08961322456598282
0.0876661255955696
0.0860232025384903
0.08483386784791946
0.08412515521049499
0.08382465541362763
0.08379934132099151
0.08389811515808106
0.08398814052343369
0.08397869169712066
0.08383022248744965
0.08355037569999695
0.08318057805299758
0.08277847915887833
0.08240087032318115
0.08209071308374405
0.0818701446056366
0.08173966407775879
0.08168227970600128
0.0816706359386444
0.08167495727539062
0.08166983723640442
0.08163873702287675
0.08157567977905274
0.08148432224988937
0.08137519508600236
0.08126202821731568
0.08115819096565247
0.08107380419969559
0.08101420104503632
0.0809796079993248
0.0809659257531166
0.08096625357866287
0.08097268790006637
0.08097798526287078
0.08097677081823348
0.08096618950366974
0.08094597309827804
0.08091799020767212
0.08088551461696625
0.0808523178100586
0.08082192987203599
0.0807969719171524
0.08077886402606964
0.080767722427845
0.08076258450746536
0.08076167702674866
0.08076292872428895
0.08076428920030594
0.08076413571834565
0.08076142221689224
0.08075580149888992
0.08074756264686585
0.0807374432682991
0.08072646856307983
0.08071569055318832
0.0807060182094574
0.0806980550289154
0.08069206029176712
0.08068793565034867
0.08068530410528182
0.08068359345197677
0.08068220168352128
0.08068056255578995
0.08067827969789505
0.08067513853311539
0.08067113310098648
0.08066641539335251
0.08066128045320511
0.08065602481365204
0.08065096586942673
0.08064632415771485
0.08064221739768981
0.08063866645097732
0.0806355744600296
0.08063279688358307
0.08063015937805176
0.08062748908996582
0.08062465339899064
0.08062158077955246
0.08061825484037399
0.08061470836400986
0.08061102330684662
0.08060728907585143
0.080603589117527
0.08059998601675034
0.08059652149677277
0.0805931955575943
0.08058998882770538
0.08058686256408691
0.08058377206325532
0.08058066815137863
0.08057752549648285
0.08057432323694229
0.0805710569024086
0.08056772947311401
0.08056437075138093
0.08056099414825439
0.08055762499570847
0.0805542752146721
0.08055095970630646
0.08054767251014709
0.08054440021514893
0.08054115474224091
0.08053790181875228
0.0805346429347992
0.08053137511014938
0.08052808344364167
0.08052478283643723
0.08052146285772324
0.08051813989877701
0.08051481395959854
0.08051148205995559
0.0805081531405449
0.08050483316183091
0.08050150871276855
0.08049818426370621
0.0804948553442955
0.08049153238534927
0.08048819452524185
0.08048486113548278
0.08048151135444641
0.08047815859317779
0.08047480583190918
0.08047144412994385
0.0804680809378624
0.08046471327543259
0.08046134561300278
0.08045797199010848
0.08045459240674972
0.08045121133327485
0.0804478257894516
0.08044444024562836
0.08044105023145676
0.08043764680624008
0.08043424338102341
0.08043084144592286
0.08042742609977722
0.08042401522397995
0.08042059540748596
0.08041717410087586
0.08041374683380127
0.0804103136062622
0.08040688037872315
0.08040343970060349
0.08039999455213546
0.08039654493331909
0.08039308935403824
0.08038963079452514
0.0803861677646637
0.08038269877433776
0.08037922829389572
0.08037575483322143
0.08037227392196655
0.08036879003047943
0.08036530017852783
0.08036180585622787
0.08035830408334732
0.08035480380058288
0.08035129457712173
0.08034778237342835
0.08034426718950272
0.08034074306488037
0.08033721745014191
0.08033368289470673
0.08033014684915543
0.08032660782337189
0.08032306432723998
0.08031951040029525
0.08031595647335052
0.08031239658594132
0.08030883073806763
0.08030525892972946
0.08030168414115905
0.08029810637235642
0.08029451817274094
0.0802909255027771
0.08028733730316162
0.08028373271226882
0.08028012961149215
0.08027651906013489
0.08027290254831314
0.08026928752660752
0.08026565909385681
0.08026202768087387
0.08025839179754257
0.08025475293397903
0.08025110363960267
0.08024745434522629
0.08024380058050155
0.08024014234542846
0.08023646920919418
0.08023280054330825
0.08022912293672561
0.08022543787956238
0.08022174835205079
0.08021806031465531
0.08021435886621475
0.08021065443754197
0.08020694553852081
0.08020322918891906
0.0801995113492012
0.08019578307867051
0.08019205331802368
0.08018831610679626
0.08018457442522049
0.08018082678318024
0.08017707169055939
0.0801733136177063
0.08016954511404037
0.08016577810049057
0.08016200065612793
0.08015821725130082
0.08015443235635758
0.0801506370306015
0.08014684021472931
0.08014303296804429
0.08013922572135926
0.08013540655374526
0.08013158589601517
0.0801277607679367
0.08012392222881318
0.08012008517980576
0.08011624068021775
0.0801123857498169
0.08010853230953216
0.08010466992855073
0.08010080009698868
0.08009692579507828
0.08009304255247116
0.0800891563296318
0.08008526265621185
0.08008135855197906
0.08007745742797852
0.08007354587316513
0.08006962537765502
0.08006570041179657
0.08006177097558975
0.08005783408880233
0.08005389422178269
0.08004993945360184
0.08004599064588547
0.08004202842712402
0.08003806173801423
0.0800340861082077
0.08003010153770447
0.08002611845731736
0.08002212792634963
0.08001812696456909
0.08001412153244018
0.08001010864973068
0.0800060823559761
0.08000206351280212
0.07999802827835083
0.07999398857355118
0.07998994439840316
0.07998589277267457
VALIDATION LOSS
1.234164398908615
0.9989041566848755
0.7228405952453614
0.46044057309627534
0.25388884395360944
0.12674215734004973
0.08263840228319168
0.10827108323574067
0.1792236477136612
0.2670017510652542
0.3456432640552521
0.39660065770149233
0.411137992143631
0.3901534855365753
0.34195342361927034
0.2788910835981369
0.21387217491865157
0.15753475725650787
0.11656524688005447
0.09323885589838028
0.08598126471042633
0.09058338552713394
0.1016604721546173
0.11400143057107925
0.12356454432010651
0.12800472378730773
0.12673673331737517
0.12062916159629822
0.11147484630346298
0.10139467865228653
0.09231020659208297
0.08557637333869934
0.08181358277797698
0.08092972934246064
0.08228560090065003
0.08493820130825043
0.08789440393447875
0.09031986892223358
0.0916697397828102
0.09173133075237275
0.09058990627527237
0.08854231685400009
0.08598847389221191
0.08332834988832474
0.08088448941707611
0.07885967195034027
0.077329882979393
0.07626513838768005
0.07556672096252441
0.0751088485121727
0.07477467805147171
0.07448041886091232
0.07418506741523742
0.07388751357793807
0.07361446619033814
0.07340441644191742
0.07329212725162507
0.07329719215631485
0.07341851592063904
0.0736347109079361
0.07390930950641632
0.07419867664575577
0.07446043342351913
0.07466054111719131
0.07477774620056152
0.07480508983135223
0.07474856525659561
0.07462382167577744
0.07445188462734223
0.07425487041473389
0.0740525096654892
0.07385987341403961
0.07368656694889068
0.07353698313236237
0.07341149598360061
0.07330797910690308
0.0732233390212059
0.07315467894077302
0.07310006469488144
0.07305867969989777
0.0730306252837181
0.07301641553640366
0.07301639616489411
0.07303023636341095
0.07305657267570495
0.07309292703866958
0.0731358528137207
0.07318128496408463
0.07322499006986619
0.07326304614543915
0.07329228520393372
0.07331060469150544
0.07331712692975997
0.07331215590238571
0.07329706996679305
0.07327400892972946
0.07324555665254592
0.07321443259716034
0.07318314313888549
0.07315376847982406
0.07312785238027572
0.0731063187122345
0.07308954894542694
0.07307744175195693
0.07306955754756927
0.0730652779340744
0.07306388765573502
0.07306470721960068
0.07306712120771408
0.07307062447071075
0.07307477742433548
0.07307921946048737
0.07308362126350403
0.07308766394853591
0.07309103608131409
0.0730934351682663
0.07309460192918778
0.07309430986642837
0.07309243977069854
0.07308896481990815
0.07308397591114044
0.07307768017053604
0.0730703666806221
0.07306240946054458
0.07305419147014618
0.07304608374834061
0.07303842306137084
0.07303147315979004
0.07302541732788086
0.07302034050226211
0.07301625460386277
0.07301309406757354
0.0730107381939888
0.0730090469121933
0.07300784140825271
0.07300696671009063
0.07300625890493392
0.07300557941198349
0.07300479263067246
0.07300381362438202
0.07300254106521606
0.07300093024969101
0.07299892753362655
0.07299651652574539
0.07299368679523469
0.07299046218395233
0.07298686802387237
0.07298296689987183
0.07297880798578263
0.07297446578741074
0.07297002524137497
0.0729655608534813
0.07296113818883895
0.07295681685209274
0.0729526624083519
0.07294869869947433
0.07294495105743408
0.07294143885374069
0.07293814271688462
0.07293505519628525
0.07293215095996856
0.0729294016957283
0.07292676717042923
0.07292421609163284
0.0729217067360878
0.07291920632123947
0.07291668206453324
0.07291409820318222
0.07291144281625747
0.07290868610143661
0.0729058176279068
0.07290283739566802
0.07289974093437195
0.07289652228355407
0.07289320677518844
0.07288979440927505
0.07288630753755569
0.07288275957107544
0.07287917584180832
0.07287557274103165
0.07287196815013885
0.07286837697029114
0.07286481112241745
0.07286129146814346
0.07285781502723694
0.07285439521074295
0.07285102754831314
0.07284771949052811
0.07284446358680725
0.07284125536680222
0.07283808141946793
0.07283494174480439
0.07283182144165039
0.07282871007919312
0.07282559424638749
0.07282247990369797
0.07281934916973114
0.0728161871433258
0.07281300127506256
0.07280976921319962
0.07280651181936264
0.0728032186627388
0.0727998822927475
0.07279651761054992
0.07279311418533325
0.07278969287872314
0.07278624922037125
0.07278278917074203
0.07277931571006775
0.07277584373950959
0.07277236580848694
0.07276889830827712
0.0727654293179512
0.07276197820901871
0.07275853902101517
0.0727551132440567
0.07275170534849167
0.07274830341339111
0.0727449119091034
0.07274153083562851
0.0727381557226181
0.07273477762937545
0.07273140549659729
0.07272802591323853
0.07272463738918304
0.0727212443947792
0.07271783798933029
0.0727144181728363
0.07271098643541336
0.0727075383067131
0.07270408123731613
0.07270060032606125
0.07269711345434189
0.07269361317157745
0.07269010096788406
0.07268657833337784
0.07268304973840714
0.07267951220273972
0.07267597615718842
0.07267243415117264
0.07266888916492462
0.07266534268856048
0.07266179770231247
0.07265825271606445
0.0726547047495842
0.07265116423368453
0.07264761477708817
0.07264406979084015
0.07264051735401153
0.07263696491718293
0.07263340502977371
0.07262984514236451
0.07262627631425858
0.07262270152568817
0.07261912375688553
0.07261553406715393
0.07261193990707397
0.07260833531618119
0.0726047232747078
0.0726010963320732
0.07259747087955475
0.07259383499622345
0.07259019166231155
0.07258653938770294
0.07258288711309432
0.07257922440767288
0.07257555425167084
0.07257188260555267
0.07256821095943451
0.07256453037261963
0.07256084233522415
0.07255715429782868
0.07255346029996872
0.07254975736141205
0.07254605889320373
0.07254234701395035
0.07253863662481308
0.0725349172949791
0.07253119200468064
0.07252745777368545
0.0725237250328064
0.07251998335123062
0.07251623272895813
0.07251247465610504
0.07250871658325195
0.07250494509935379
0.07250117063522339
0.0724973887205124
0.07249359935522079
0.07248980402946473
0.07248600274324417
0.07248219847679138
0.07247838228940964
0.07247456312179565
0.07247073948383331
0.07246690690517425
0.07246307730674743
0.07245922684669495
0.07245537489652634
0.07245151698589325
