300
TRAINING LOSS
1.524834644794464
1.3830032229423523
1.1403827905654906
0.8506506562232972
0.5671469271183014
0.3326618790626526
0.17335427701473236
0.09700174480676652
0.09496893137693405
0.1468276396393776
0.22635731101036072
0.30761665999889376
0.3699150264263153
0.40085391998291015
0.39711799621582033
0.363245290517807
0.3090351104736328
0.24643928706645965
0.18671585023403167
0.1383771553635597
0.10615583807229996
0.0909399464726448
0.09044879078865051
0.1003401979804039
0.11544219553470611
0.13085821270942688
0.14277850538492204
0.14892100542783737
0.14860634058713912
0.1425331562757492
0.1323574349284172
0.12019080370664596
0.1081225261092186
0.09784433841705323
0.090423321723938
0.08623313009738923
0.0850242868065834
0.08609325885772705
0.08850007355213166
0.09128513485193253
0.0936455175280571
0.09504652172327041
0.095260851085186
0.09434334337711334
0.09255918711423874
0.09028898775577546
0.087933149933815
0.08583324998617173
0.08422136157751084
0.08320041894912719
0.08275246024131774
0.08276720494031906
0.08308124989271164
0.08351849168539047
0.08392414599657058
0.08418760895729065
0.08425238579511643
0.08411412388086319
0.0838096559047699
0.08340097367763519
0.08295817375183105
0.08254463374614715
0.08220668882131577
0.08196873366832733
0.08183339685201645
0.08178573250770568
0.08179971426725388
0.08184535056352615
0.08189497292041778
0.08192768543958664
0.08193156719207764
0.08190374970436096
0.08184874355793
0.08177586048841476
0.0816962629556656
0.08162039369344712
0.08155610859394073
0.08150777220726013
0.08147617876529693
0.08145918995141983
0.08145279139280319
0.0814522460103035
0.08145312666893005
0.08145205229520798
0.0814470499753952
0.08143758028745651
0.08142424523830413
0.08140841126441956
0.08139171302318574
0.08137568384408951
0.08136144280433655
0.08134957700967789
0.08134014904499054
0.08133282512426376
0.08132700622081757
0.08132204711437226
0.08131735920906066
0.08131254464387894
0.08130741864442825
0.0813019797205925
0.08129636347293853
0.08129077702760697
0.08128542453050613
0.0812804564833641
0.08127593994140625
0.08127186000347138
0.08126812726259232
0.08126462996006012
0.08126123696565628
0.08125783503055573
0.08125436156988144
0.08125078678131104
0.08124712705612183
0.08124342560768127
0.08123972862958909
0.08123609125614166
0.08123254179954528
0.08122909516096115
0.08122574836015702
0.08122246712446213
0.08121922463178635
0.08121599107980729
0.08121273517608643
0.08120945245027542
0.08120613843202591
0.0812028020620346
0.08119947016239167
0.08119615912437439
0.0811928853392601
0.08118966668844223
0.08118651211261749
0.08118340820074081
0.08118034601211548
0.08117732107639312
0.0811743125319481
0.08117130100727081
0.0811682790517807
0.08116524815559387
0.08116218894720077
0.08115911781787873
0.08115603476762771
0.08115294426679612
0.08114985823631286
0.08114677220582962
0.08114369213581085
0.0811406284570694
0.08113756626844407
0.08113450706005096
0.08113144636154175
0.08112838119268417
0.08112532049417495
0.08112224787473679
0.08111916929483413
0.08111609518527985
0.08111301362514496
0.08110993951559067
0.0811068668961525
0.08110379725694657
0.0811007335782051
0.08109767436981201
0.08109461963176727
0.08109156936407089
0.08108852058649063
0.08108547627925873
0.08108242601156235
0.08107937127351761
0.08107632249593735
0.08107326328754424
0.08107020705938339
0.08106714934110641
0.08106409013271332
0.0810610294342041
0.081057970225811
0.08105490356683731
0.08105184584856033
0.08104878216981888
0.08104571402072906
0.08104265183210373
0.08103958517313004
0.0810365155339241
0.08103344440460206
0.08103037774562835
0.08102730810642242
0.08102423548698426
0.08102116584777833
0.08101809173822402
0.08101502060890198
0.08101194500923156
0.0810088723897934
0.08100580126047134
0.08100272417068481
0.08099965453147888
0.08099657446146011
0.08099349588155746
0.08099041879177094
0.08098734021186829
0.08098426163196563
0.08098118156194686
0.08097809851169586
0.08097501546144485
0.08097192794084548
0.08096884191036224
0.08096575289964676
0.08096266835927964
0.08095958083868027
0.08095649033784866
0.08095339983701706
0.08095030337572098
0.08094720989465713
0.08094411343336105
0.08094101548194885
0.08093791902065277
0.0809348240494728
0.08093172013759613
0.0809286192059517
0.08092551231384278
0.0809224084019661
0.08091930001974106
0.0809161975979805
0.08091308921575546
0.08090997338294983
0.08090686351060868
0.08090375065803528
0.08090063780546189
0.08089752048254013
0.08089440464973449
0.08089128285646438
0.08088816553354264
0.0808850422501564
0.08088192194700242
0.08087879568338394
0.08087566941976547
0.08087253868579865
0.08086941093206405
0.0808662787079811
0.08086314052343369
0.08086000680923462
0.08085687011480332
0.08085373193025588
0.08085059076547622
0.08084744960069656
0.08084430694580078
0.08084116131067276
0.0808380201458931
0.08083486407995225
0.08083171546459197
0.08082856237888336
0.08082541227340698
0.08082224875688553
0.08081909269094467
0.08081593513488769
0.08081277310848237
0.08080960512161255
0.08080644011497498
0.0808032751083374
0.08080010116100311
0.08079693019390106
0.08079375624656678
0.08079057931900024
0.0807874009013176
0.08078422397375107
0.08078104108572007
0.0807778537273407
0.08077466785907746
0.08077148050069809
0.08076828867197036
0.08076509535312652
0.08076190203428268
0.08075870275497436
0.08075550347566604
0.0807523027062416
0.08074910193681717
0.08074589222669601
0.08074268400669098
0.08073947429656983
0.08073626011610031
0.08073304742574691
0.08072982579469681
0.08072660863399506
0.08072338551282883
0.08072015643119812
0.08071693032979965
0.08071370422840118
0.08071047067642212
0.08070723414421081
0.08070400059223175
0.08070075809955597
0.08069751560688018
0.08069426864385605
0.08069102019071579
0.08068777322769165
0.08068451881408692
0.08068126291036606
0.08067800700664521
0.08067474812269211
0.08067148476839066
0.08066821992397308
0.0806649535894394
0.0806616798043251
0.08065840750932693
VALIDATION LOSS
1.3235422134399415
1.0858992218971253
0.8029545426368714
0.5275324821472168
0.30189687609672544
0.15169543623924256
0.08423055708408356
0.09044544994831086
0.14955926984548568
0.23507994115352632
0.3208841383457184
0.3861923187971115
0.41860789656639097
0.41490023732185366
0.3797618865966797
0.32319945096969604
0.2574064046144485
0.19389851689338683
0.14144501835107803
0.10502081662416458
0.08573078215122223
0.08147827088832856
0.08806773126125336
0.10043449848890304
0.11375002562999725
0.12423505187034607
0.12960367202758788
0.1291423261165619
0.12349017113447189
0.11422372609376907
0.10336082726716996
0.09288836866617203
0.08439257144927978
0.07883699238300323
0.07649835497140885
0.07704071253538132
0.07968761622905732
0.08344184309244156
0.08730348199605942
0.09044650942087173
0.09232966452836991
0.09273432344198226
0.09173717051744461
0.08963592648506165
0.08685171604156494
0.08383053541183472
0.08096189796924591
0.07852554768323898
0.07666956782341003
0.07541674822568893
0.07469170838594437
0.07435908019542695
0.07426335513591767
0.07426275908946992
0.07425233125686645
0.07417436838150024
0.07401725947856903
0.07380551099777222
0.0735848605632782
0.0734063595533371
0.07331277430057526
0.07332939952611923
0.07346016615629196
0.07368877083063126
0.07398355901241302
0.0743046224117279
0.07461123913526535
0.07486834824085235
0.07505100518465042
0.0751464232802391
0.07515370845794678
0.07508185803890229
0.07494661062955857
0.07476705312728882
0.07456247806549073
0.07434997111558914
0.07414305806159974
0.07395119071006775
0.07378002554178238
0.07363219112157822
0.07350827604532242
0.07340772300958634
0.07332956492900848
0.07327282726764679
0.07323664128780365
0.07322014421224594
0.07322227656841278
0.07324150949716568
0.07327569425106048
0.07332201600074768
0.0733770564198494
0.07343702763319016
0.07349802702665328
0.07355635911226273
0.07360880374908448
0.07365283071994781
0.07368669509887696
0.07370951771736145
0.07372118234634399
0.07372222989797592
0.07371375262737274
0.07369716763496399
0.07367410361766816
0.07364627867937087
0.07361538112163543
0.07358301430940628
0.07355062812566757
0.07351950854063034
0.07349074929952622
0.07346523702144622
0.07344361841678619
0.07342633008956909
0.07341357171535492
0.07340532094240189
0.0734013333916664
0.07340119332075119
0.0734043464064598
0.07341010272502899
0.07341773957014083
0.0734265074133873
0.07343569695949555
0.07344464510679245
0.0734528049826622
0.07345973551273347
0.07346511483192444
0.07346873134374618
0.07347049713134765
0.07347041815519333
0.07346859723329544
0.07346519082784653
0.07346041798591614
0.07345452308654785
0.07344778031110763
0.07344046831130982
0.07343286275863647
0.07342520356178284
0.0734177440404892
0.07341067492961884
0.07340414822101593
0.07339828610420226
0.07339315861463547
0.07338879853487015
0.07338518351316452
0.07338227033615112
0.07337998449802399
0.07337821274995804
0.07337685376405716
0.0733757883310318
0.07337488979101181
0.0733740508556366
0.07337316423654557
0.07337214648723603
0.07337093204259873
0.07336947172880173
0.07336772829294205
0.07336569875478745
0.07336336970329285
0.07336077243089675
0.07335791289806366
0.07335485070943833
0.07335160374641418
0.0733482301235199
0.07334477007389069
0.0733412653207779
0.07333775609731674
0.07333428114652633
0.07333086133003235
0.07332752794027328
0.07332429438829421
0.07332117110490799
0.07331815361976624
0.07331525087356568
0.07331244498491288
0.07330972999334336
0.07330707907676696
0.07330448776483536
0.07330193966627122
0.07329941242933273
0.07329689264297486
0.0732943594455719
0.07329181432724
0.07328923493623733
0.07328662425279617
0.07328397333621979
0.0732812836766243
0.07327855229377747
0.07327578812837601
0.07327298521995544
0.07327015697956085
0.07326730489730834
0.07326443791389466
0.07326155453920365
0.07325866520404815
0.0732557862997055
0.0732528954744339
0.07325001955032348
0.07324715107679367
0.07324429303407669
0.07324144542217255
0.07323860675096512
0.07323578745126724
0.07323297411203385
0.07323016822338105
0.07322737127542496
0.07322458028793336
0.07322178035974503
0.07321899980306626
0.07321620434522629
0.07321341633796692
0.07321061640977859
0.07320782095193863
0.07320501655340195
0.07320220619440079
0.07319939136505127
0.07319656908512115
0.07319374829530716
0.07319092601537705
0.07318809181451798
0.07318526357412339
0.07318242341279983
0.07317958772182465
0.07317674905061722
0.07317390590906143
0.073171067237854
0.07316822111606598
0.07316538095474243
0.07316254079341888
0.07315969318151475
0.07315684705972672
0.07315399646759033
0.07315115481615067
0.07314830124378205
0.07314544767141343
0.07314259558916092
0.07313973903656006
0.07313688099384308
0.07313402891159057
0.07313116639852524
0.07312830686569213
0.07312544137239456
0.07312257587909698
0.07311970889568328
0.07311684042215347
0.07311397194862365
0.07311110198497772
0.07310822606086731
0.07310535609722138
0.07310248017311097
0.07309960722923278
0.0730967253446579
0.073093843460083
0.07309096604585648
0.07308807671070099
0.07308519631624222
0.07308230698108673
0.073079414665699
0.07307651787996292
0.07307362258434295
0.07307072728872299
0.07306782752275467
0.07306492626667023
0.07306202203035354
0.0730591133236885
0.07305620461702347
0.07305329293012619
0.07305038422346115
0.0730474665760994
0.07304455190896988
0.07304162830114365
0.07303871363401412
0.07303578853607177
0.07303286045789718
0.07302993386983872
0.07302700579166413
0.0730240747332573
0.07302113920450211
0.07301820218563079
0.0730152666568756
0.0730123296380043
0.07300938218832016
0.07300644069910049
0.07300349920988083
0.07300054579973221
0.0729975938796997
0.0729946419596672
0.07299168556928634
0.07298872470855713
0.07298576533794403
0.07298280149698258
0.07297983020544052
0.07297686338424683
0.07297389358282089
0.07297091633081436
0.07296794652938843
0.07296496480703354
0.07296197563409805
0.07295899242162704
0.07295601218938827
0.07295301854610443
0.07295002490282058
