300
TRAINING LOSS
1.223344337940216
1.139989173412323
0.993268845975399
0.8090505182743073
0.6141765728592873
0.43242075443267824
0.2817085564136505
0.17270319908857346
0.10865179002285004
0.0862570971250534
0.0972826361656189
0.13057085424661635
0.17414795756340026
0.21710794121026994
0.25102449804544447
0.2707370564341545
0.27447954565286636
0.2634423092007637
0.24094719737768172
0.21145601123571395
0.17961735427379608
0.14950474947690964
0.12412655949592591
0.10521939396858215
0.09328504353761673
0.08780179321765899
0.08753262609243392
0.09086005240678788
0.09609292894601822
0.10170982778072357
0.10652157217264176
0.10975095182657242
0.11103895902633668
0.11039405018091202
0.10810447931289673
0.10463366955518723
0.10051639080047607
0.09626938998699189
0.09232504665851593
0.0889918252825737
0.08644061982631683
0.08471298962831497
0.08374480605125427
0.08339865654706954
0.08349831104278564
0.08386010080575942
0.08431764990091324
0.0847383663058281
0.0850314199924469
0.08514838218688965
0.08507835119962692
0.08483956009149551
0.08446947932243347
0.08401515185832978
0.08352482467889785
0.08304170072078705
0.08259989023208618
0.08222255259752273
0.08192185461521148
0.08170016556978225
0.08155208677053452
0.08146675229072571
0.08143019378185272
0.08142735064029694
0.08144371956586838
0.08146656155586243
0.08148564696311951
0.0814936637878418
0.0814862534403801
0.08146186172962189
0.08142134249210357
0.08136745542287827
0.08130428045988083
0.08123657703399659
0.08116917461156845
0.08110644221305847
0.08105185627937317
0.0810076966881752
0.08097494840621948
0.08095332384109497
0.0809414491057396
0.08093717843294143
0.08093789070844651
0.08094092905521393
0.08094385266304016
0.08094474673271179
0.08094234466552734
0.08093609660863876
0.08092611283063889
0.08091304302215577
0.08089790642261505
0.08088190108537674
0.08086617738008499
0.08085172474384308
0.080839242041111
0.08082908540964126
0.08082129210233688
0.0808156043291092
0.08081154972314834
0.08080855160951614
0.08080601841211318
0.08080341666936874
0.08080033957958221
0.08079653531312943
0.08079191744327545
0.08078654557466507
0.08078057318925858
0.08077423721551895
0.08076778501272201
0.08076143264770508
0.08075537085533142
0.08074971288442612
0.08074448555707932
0.0807396873831749
0.08073522746562958
0.08073101341724395
0.08072693049907684
0.0807228684425354
0.08071874678134919
0.0807145118713379
0.08071012943983077
0.08070560544729233
0.08070096969604493
0.08069625496864319
0.08069150447845459
0.0806867614388466
0.08068206012248993
0.08067741692066192
0.08067283630371094
0.08066833168268203
0.08066387623548507
0.08065945953130722
0.08065506368875504
0.08065066784620285
0.08064625561237335
0.08064182251691818
0.08063736855983734
0.08063288778066635
0.08062838166952133
0.08062386214733124
0.08061933368444443
0.08061480969190597
0.08061027973890304
0.0806057631969452
0.0806012511253357
0.08059674650430679
0.08059224486351013
0.08058774024248123
0.08058323413133621
0.0805787280201912
0.0805742084980011
0.080569688975811
0.08056515008211136
0.08056061416864395
0.08055606037378311
0.08055150955915451
0.08054694980382919
0.08054238110780716
0.08053781539201736
0.08053324371576309
0.08052867352962494
0.08052409291267396
0.08051951229572296
0.08051492273807526
0.08051033020019531
0.08050573617219925
0.08050113171339035
0.08049651980400085
0.08049190044403076
0.08048727959394456
0.08048264980316162
0.0804780125617981
0.08047337532043457
0.08046872913837433
0.0804640769958496
0.08045942187309266
0.0804547592997551
0.08045009523630142
0.08044542372226715
0.08044074326753617
0.08043605834245682
0.080431367456913
0.0804266706109047
0.08042196929454803
0.08041726201772689
0.08041254580020904
0.08040782213211059
0.08040309399366379
0.0803983598947525
0.08039361834526063
0.08038887530565261
0.08038412183523178
0.08037936687469482
0.08037459850311279
0.08036983162164688
0.08036505281925202
0.0803602695465088
0.08035548329353333
0.08035068064928055
0.08034588247537613
0.08034106940031052
0.08033625483512878
0.08033143430948257
0.08032660484313965
0.08032176792621612
0.08031692802906036
0.080312080681324
0.08030722290277481
0.08030235916376113
0.08029749095439911
0.08029261976480484
0.08028773367404937
0.08028284311294556
0.08027794659137726
0.08027304708957672
0.08026813715696335
0.08026322424411773
0.08025829792022705
0.08025336414575576
0.08024842739105224
0.08024348467588424
0.08023853302001953
0.08023357540369033
0.08022860735654831
0.08022363632917404
0.08021865487098694
0.08021366894245148
0.08020867109298706
0.08020367175340652
0.08019866198301315
0.08019364178180695
0.08018862158060074
0.08018358796834946
0.08017854988574982
0.08017350733280182
0.08016845136880875
0.08016339093446731
0.0801583245396614
0.08015324771404267
0.08014816045761108
0.08014307022094727
0.08013797253370285
0.0801328644156456
0.08012775033712387
0.08012263327836991
0.0801174983382225
0.0801123633980751
0.08010721802711487
0.08010206520557403
0.0800969049334526
0.08009173423051834
0.0800865575671196
0.08008137494325637
0.0800761803984642
0.08007097691297531
0.08006576746702194
0.08006055802106857
0.08005532622337341
0.08005009293556213
0.08004485219717025
0.08003960400819779
0.08003434389829636
0.08002907931804656
0.08002380430698394
0.08001852035522461
0.08001323193311691
0.08000793009996414
0.08000262081623077
0.07999730706214905
0.07999198436737061
0.07998664975166321
0.07998130470514297
0.07997595518827438
0.07997059673070908
0.07996523082256317
0.07995985299348832
0.07995446771383286
0.07994907796382904
0.07994366884231567
0.07993826270103455
0.07993284165859223
0.07992741018533707
0.07992197275161743
0.0799165278673172
0.07991106808185577
0.07990560829639434
0.07990013808012009
0.0798946499824524
0.07988916039466858
0.07988366186618805
0.07987814992666245
0.07987263202667236
0.07986709922552108
0.07986156791448593
0.07985601276159286
0.07985045909881591
0.07984489500522614
0.07983932048082351
0.07983373403549195
0.07982813715934753
VALIDATION LOSS
1.0898886278271676
0.9462210223078728
0.7662104293704033
0.5764246568083763
0.40035942047834394
0.2556682899594307
0.1527579292654991
0.09464051425457001
0.07781134843826294
0.09385860115289688
0.13148534744977952
0.17861716002225875
0.22428739964962005
0.26004876643419267
0.28075711727142333
0.28469635248184205
0.2731349214911461
0.24949454069137572
0.2183515638113022
0.184476900100708
0.1520676404237747
0.12425129413604737
0.10287460684776306
0.08853706270456314
0.08079992234706879
0.07849321961402893
0.0800501674413681
0.0838143065571785
0.08828371465206146
0.09227478206157684
0.09500347822904587
0.09609329700469971
0.09552639424800873
0.09355783313512803
0.09061284810304641
0.08718492090702057
0.08374815434217453
0.08069262206554413
0.07828619331121445
0.07666226178407669
0.07582887262105942
0.07569327354431152
0.07609477192163468
0.07683952301740646
0.07773190885782241
0.07859914898872375
0.07930739521980286
0.0797691747546196
0.07994341552257538
0.0798298567533493
0.07945982366800308
0.07888563424348831
0.07817011624574662
0.0773775964975357
0.07656695693731308
0.07578709721565247
0.07507461607456208
0.0744534283876419
0.07393572628498077
0.0735238641500473
0.07321268916130066
0.07299182713031768
0.0728479042649269
0.07276633530855178
0.07273274064064025
0.07273395359516144
0.07275868803262711
0.07279784679412842
0.07284462451934814
0.0728943943977356
0.07294441312551499
0.07299343645572662
0.07304126769304276
0.07308826893568039
0.07313493639230728
0.07318152785301209
0.07322779297828674
0.07327290177345276
0.07331540286540986
0.07335341572761536
0.07338482290506362
0.07340756952762603
0.07341994047164917
0.07342078238725662
0.07340969443321228
0.07338708639144897
0.07335414290428162
0.07331273257732392
0.07326518893241882
0.07321410179138184
0.07316207438707352
0.07311150133609771
0.07306440770626069
0.07302230447530747
0.0729861706495285
0.07295643538236618
0.07293304949998855
0.07291559129953384
0.07290338277816773
0.0728955864906311
0.07289134562015534
0.07288984209299088
0.07289037704467774
0.07289237827062607
0.07289539873600007
0.07289911955595016
0.07290332317352295
0.0729078233242035
0.07291247546672822
0.07291712015867233
0.07292160540819168
0.07292573302984237
0.07292932718992233
0.07293218076229095
0.07293413281440735
0.07293503731489182
0.07293479442596436
0.07293335795402527
0.07293075174093247
0.07292701601982117
0.07292226552963257
0.0729166403412819
0.07291030138731003
0.07290341258049012
0.07289613634347916
0.07288862913846969
0.07288101613521576
0.07287342250347137
0.07286593168973923
0.07285861968994141
0.07285154461860657
0.07284474670886994
0.07283825129270553
0.07283208519220352
0.07282626479864121
0.07282079458236694
0.07281567752361298
0.0728109210729599
0.07280650585889817
0.07280240803956986
0.07279861271381378
0.07279508262872696
0.07279178202152252
0.072788667678833
0.07278569042682648
0.07278280705213547
0.07277996689081193
0.07277711778879166
0.0727742299437523
0.072771255671978
0.07276816964149475
0.07276494354009629
0.07276155650615693
0.07275799661874771
0.07275426387786865
0.07275034189224243
0.07274625301361085
0.0727419912815094
0.0727375790476799
0.0727330356836319
0.0727283775806427
0.07272361814975739
0.07271879017353058
0.07271391451358795
0.07270901352167129
0.07270410656929016
0.07269922047853469
0.07269435971975327
0.07268955409526826
0.07268480956554413
0.07268013656139374
0.07267554104328156
0.0726710319519043
0.07266659438610076
0.07266224175691605
0.07265795767307281
0.07265372723340988
0.07264955788850784
0.0726454272866249
0.07264132052659988
0.07263723313808441
0.07263315916061401
0.07262907326221466
0.07262497544288635
0.07262084633111954
0.07261668592691421
0.07261249274015427
0.07260825484991074
0.0726039707660675
0.07259964495897293
0.0725952684879303
0.07259084731340408
0.07258638590574265
0.0725818932056427
0.07257736772298813
0.07257281094789506
0.07256823927164077
0.07256364673376084
0.07255905419588089
0.07255445122718811
0.0725498452782631
0.07254524528980255
0.07254065126180649
0.07253606766462325
0.07253149598836899
0.07252693623304367
0.07252239137887954
0.0725178524851799
0.07251332253217697
0.07250881046056748
0.07250429391860962
0.07249978631734848
0.07249528020620347
0.0724907711148262
0.07248625755310059
0.07248174101114273
0.07247721254825593
0.07247266918420792
0.0724681258201599
0.07246355712413788
0.07245898246765137
0.07245439141988755
0.07244978696107865
0.07244516462087632
0.0724405288696289
0.07243588268756866
0.07243122309446334
0.07242655456066131
0.07242187112569809
0.07241718024015427
0.07241248339414597
0.07240777760744095
0.07240306586027145
0.07239834666252136
0.07239362299442291
0.07238889783620835
0.0723841592669487
0.07237942963838577
0.07237469404935837
0.07236994355916977
0.07236519753932953
0.07236044704914094
0.0723556935787201
0.07235093265771866
0.07234615981578826
0.07234138995409012
0.07233660966157913
0.07233182042837143
0.07232702821493149
0.07232222557067872
0.07231741100549698
0.07231259047985077
0.07230776250362396
0.07230292558670044
0.07229807823896409
0.072293221950531
0.07228835821151733
0.07228348404169083
0.07227860689163208
0.07227370887994766
0.07226881235837937
0.07226390540599822
0.0722589910030365
0.07225406318902969
0.0722491353750229
0.07224419862031936
0.07223925292491913
0.07223429530858994
0.07222933769226074
0.07222436964511872
0.07221938967704773
0.0722144067287445
0.0722094178199768
0.07220441997051238
0.07219941169023514
0.07219439744949341
0.07218937575817108
0.07218434363603592
0.0721793070435524
0.07217426002025604
0.07216920405626297
0.07216413915157319
0.07215907424688339
0.07215398848056793
0.07214889973402024
0.07214380204677581
0.0721386969089508
0.07213357836008072
0.07212845683097839
0.072123321890831
0.07211817651987076
0.07211303114891052
0.07210786938667298
0.07210270166397095
0.07209752351045609
0.0720923364162445
0.07208714634180069
0.07208193838596344
0.07207672894001008
0.07207150757312775
