300
TRAINING LOSS
1.0790345966815948
0.9305324554443359
0.6909213304519654
0.4343690812587738
0.22690329551696778
0.10875747352838516
0.08759869039058685
0.14242150634527206
0.23499754220247268
0.32424008250236513
0.3787716865539551
0.3842504024505615
0.34417025446891786
0.2751347064971924
0.1991747498512268
0.13609267324209212
0.0981384351849556
0.08807102739810943
0.1003927081823349
0.12467285096645356
0.14954191148281099
0.1660800278186798
0.1697841167449951
0.16087316125631332
0.1432054564356804
0.12240807116031646
0.10390933007001876
0.09144510477781295
0.08635790646076202
0.08771882206201553
0.09306549280881882
0.09941758215427399
0.10422263145446778
0.10597720891237258
0.10441572368144988
0.10030681490898133
0.09500193893909455
0.08992030173540115
0.08613108694553376
0.08412964195013047
0.08382668793201446
0.08470463156700134
0.08605834394693375
0.0872330293059349
0.0877930462360382
0.08759025186300277
0.08673617541790009
0.08550831377506256
0.08423233926296234
0.08317897468805313
0.08250101506710053
0.08221862912178039
0.08224541097879409
0.08243795931339264
0.08264918923377991
0.08276941329240799
0.0827466830611229
0.08258575201034546
0.08233163207769394
0.08204615116119385
0.08178611844778061
0.08158871233463287
0.08146644085645675
0.08141027688980103
0.08139804601669312
0.08140403032302856
0.0814068302512169
0.08139372915029526
0.08136129975318909
0.08131327629089355
0.08125712424516678
0.08120071589946747
0.08115001022815704
0.08110813349485398
0.08107557296752929
0.08105105459690094
0.08103256225585938
0.08101807087659836
0.08100594878196717
0.08099502325057983
0.08098445534706115
0.08097357898950577
0.08096192926168441
0.08094925433397293
0.08093560636043548
0.08092143535614013
0.08090746998786927
0.08089457154273987
0.08088348358869553
0.0808746263384819
0.08086793422698975
0.08086293190717697
0.08085881620645523
0.080854731798172
0.08084996640682221
0.08084417581558227
0.08083737790584564
0.08082994669675828
0.0808224305510521
0.0808153972029686
0.08080923855304718
0.08080408871173858
0.08079983443021774
0.0807961493730545
0.08079263865947724
0.08078895211219787
0.08078486323356629
0.08078031241893768
0.08077541142702102
0.08077035248279571
0.0807653620839119
0.08076062351465225
0.08075622171163559
0.08075214475393296
0.08074830025434494
0.08074457347393035
0.0807408183813095
0.08073694854974747
0.08073293268680573
0.08072878867387771
0.0807245671749115
0.08072034269571304
0.08071616739034652
0.0807120829820633
0.08070808798074722
0.08070416599512101
0.08070027828216553
0.08069639354944229
0.0806924894452095
0.08068854063749313
0.08068456202745437
0.08068055361509323
0.08067653328180313
0.08067251741886139
0.0806685209274292
0.08066454082727433
0.08066056817770004
0.08065659999847412
0.08065263628959655
0.08064866214990615
0.08064468502998352
0.08064069300889969
0.08063669204711914
0.08063268661499023
0.08062867671251298
0.08062466233968735
0.0806206464767456
0.08061662763357162
0.08061260432004928
0.08060857504606248
0.08060454428195954
0.08060050755739212
0.08059645891189575
0.08059241324663162
0.08058836311101913
0.08058430403470992
0.08058023452758789
0.08057616502046586
0.08057208508253097
0.08056800663471222
0.08056390732526779
0.08055981546640396
0.08055571466684341
0.08055160343647003
0.08054749220609665
0.0805433750152588
0.08053925037384033
0.08053512275218963
0.08053098767995834
0.08052684068679809
0.08052269220352173
0.08051853626966476
0.0805143728852272
0.08051020205020905
0.08050602823495864
0.08050184696912766
0.08049765527248383
0.08049346506595612
0.08048926442861556
0.08048506081104279
0.08048084229230881
0.08047662377357483
0.08047239929437637
0.08046816438436508
0.08046392351388931
0.08045967668294907
0.08045542240142822
0.08045116513967514
0.08044690191745758
0.08044262677431106
0.08043834269046783
0.08043406009674073
0.0804297611117363
0.08042546212673188
0.08042115420103073
0.08041684329509735
0.08041251748800278
0.08040818870067597
0.0804038554430008
0.08039951473474502
0.08039516508579254
0.08039080649614334
0.08038644343614579
0.08038207590579986
0.080377696454525
0.08037331402301788
0.08036892116069794
0.08036452233791351
0.08036011457443237
0.08035570532083511
0.08035128712654113
0.0803468570113182
0.08034242093563079
0.0803379774093628
0.08033353090286255
0.08032906800508499
0.08032460212707519
0.08032013326883317
0.08031565845012664
0.08031117171049118
0.08030667006969452
0.08030217438936234
0.08029766529798507
0.08029314577579498
0.08028862476348878
0.08028409034013748
0.08027954548597335
0.08027500212192536
0.0802704468369484
0.08026588708162308
0.08026131391525268
0.08025673776865005
0.08025214970111846
0.0802475556731224
0.08024295717477799
0.08023834973573685
0.08023372739553451
0.08022910207509995
0.08022447675466537
0.08021983504295349
0.08021517992019653
0.08021052181720734
0.08020585924386978
0.08020118921995163
0.08019650429487228
0.0801918163895607
0.08018711805343628
0.08018241226673126
0.08017769902944565
0.08017297834157944
0.0801682487130165
0.08016351014375686
0.08015876412391662
0.08015400767326356
0.08014924228191375
0.0801444724202156
0.08013969659805298
0.08013490587472916
0.08013010919094085
0.08012530207633972
0.08012049049139022
0.08011566698551179
0.08011083602905274
0.08010599762201309
0.08010115027427674
0.08009629547595978
0.08009142875671386
0.08008655309677123
0.08008167445659638
0.08007678389549255
0.08007187843322754
0.08006697297096252
0.08006205409765244
0.08005712777376175
0.08005219548940659
0.08004725128412246
0.08004229366779328
0.0800373375415802
0.0800323635339737
0.0800273820757866
0.08002239614725112
0.08001739531755447
0.08001239001750945
0.08000737428665161
0.08000234812498093
0.07999731153249741
0.07999227195978165
0.07998721748590469
0.07998215854167938
0.07997708320617676
0.07997200340032577
0.07996691316366196
0.07996181845664978
0.07995670586824417
0.07995158582925796
0.0799464613199234
0.07994132488965988
0.07993617951869965
0.07993102520704269
0.07992586046457291
VALIDATION LOSS
0.8806758463382721
0.6474788367748261
0.3994192272424698
0.2016405612230301
0.09349793493747711
0.08185388743877411
0.14502425193786622
0.24426398128271104
0.33815246224403384
0.39516754150390626
0.4010033249855042
0.35934998691082
0.2871352851390839
0.20680410265922547
0.1386202573776245
0.09530188143253326
0.08004586398601532
0.08773178309202194
0.10822340548038482
0.13034913837909698
0.1452859655022621
0.14853005558252336
0.14021288901567458
0.1240347072482109
0.10541400164365769
0.08954136222600936
0.07990704923868179
0.07761931717395783
0.08154270499944687
0.08904841393232346
0.09703785628080368
0.1028922140598297
0.10509298741817474
0.10340644717216492
0.09867260009050369
0.09234414845705033
0.08596049398183822
0.0807188481092453
0.07723988741636276
0.07554773837327958
0.07521909773349762
0.07561896294355393
0.07613596916198731
0.07635086327791214
0.07610667794942856
0.07548438012599945
0.07471387088298798
0.07406170219182968
0.0737336128950119
0.07381711006164551
0.07427164316177368
0.07495873421430588
0.07569443434476852
0.07630443423986435
0.0766656756401062
0.07672611027956008
0.07650225162506104
0.0760604202747345
0.07549066692590714
0.07488202303647995
0.07430501133203507
0.07380394190549851
0.07339789420366287
0.07308735996484757
0.07286283671855927
0.07271220088005066
0.07262517511844635
0.07259457260370254
0.07261518537998199
0.0726815864443779
0.07278626412153244
0.0729187399148941
0.07306599617004395
0.07321383953094482
0.07334871292114258
0.0734593152999878
0.07353771477937698
0.07357977628707886
0.07358499318361282
0.07355593889951706
0.07349753081798553
0.07341634035110474
0.07331996113061905
0.07321637719869614
0.07311344295740127
0.07301831543445587
0.07293690741062164
0.07287347614765168
0.07283029407262802
0.07280762791633606
0.07280389815568925
0.07281607687473297
0.07284026145935059
0.07287219911813736
0.07290779203176498
0.07294349670410157
0.07297645062208176
0.07300456166267395
0.07302642315626144
0.07304121702909469
0.07304861694574356
0.073048697412014
0.07304192632436753
0.07302911877632141
0.07301144301891327
0.07299031913280488
0.07296736091375351
0.07294418662786484
0.0729223370552063
0.0729030579328537
0.07288724035024643
0.07287536561489105
0.07286747992038727
0.07286330312490463
0.0728622779250145
0.07286369204521179
0.07286677062511444
0.0728707730770111
0.0728750318288803
0.0728789821267128
0.07288218438625335
0.0728843092918396
0.0728851392865181
0.07288455665111541
0.07288255840539933
0.07287920862436295
0.0728746548295021
0.07286912053823472
0.07286286056041717
0.07285615354776383
0.07284927815198898
0.07284248471260071
0.07283597588539123
0.07282991409301758
0.0728243812918663
0.07281943559646606
0.07281506210565566
0.07281122505664825
0.07280785739421844
0.07280486971139907
0.07280217409133911
0.07279966473579406
0.07279725521802902
0.07279485762119293
0.07279240190982819
0.07278982549905777
0.07278708070516586
0.07278414368629456
0.0727809950709343
0.0727776288986206
0.07277406603097916
0.07277030944824218
0.07276639342308044
0.07276235222816467
0.07275821119546891
0.07275399714708328
0.0727497547864914
0.07274552136659622
0.0727413073182106
0.07273714393377304
0.07273305654525757
0.07272904813289642
0.07272513806819916
0.07272132486104965
0.07271760255098343
0.072713965177536
0.0727103978395462
0.07270687818527222
0.07270340025424957
0.07269994020462037
0.0726964682340622
0.07269297987222671
0.07268944829702377
0.07268586158752441
0.0726822093129158
0.07267849594354629
0.07267471253871918
0.07267085462808609
0.07266693860292435
0.07266296595335006
0.07265896052122116
0.07265492379665375
0.07265088111162185
0.07264683395624161
0.07264280468225479
0.07263879477977753
0.07263481914997101
0.07263087928295135
0.07262697517871856
0.07262310236692429
0.07261926233768463
0.07261544018983841
0.0726116344332695
0.07260783910751342
0.07260403037071228
0.0726002112030983
0.07259638160467148
0.07259251177310944
0.0725886195898056
0.07258469164371491
0.07258073538541794
0.07257674485445023
0.07257272452116012
0.07256868034601212
0.07256462424993515
0.07256055176258087
0.072556471824646
0.07255239635705948
0.07254832088947297
0.07254425585269927
0.0725401908159256
0.07253614068031311
0.07253209948539734
0.07252805978059769
0.07252402752637863
0.07251999676227569
0.07251596748828888
0.07251192182302475
0.07250787764787674
0.07250382155179977
0.07249974608421325
0.07249565720558167
0.072491554915905
0.0724874347448349
0.07248329669237137
0.07247914224863053
0.07247498482465745
0.07247081398963928
0.07246662974357605
0.0724624440073967
0.07245824635028839
0.07245404869318009
0.07244984805583954
0.07244564294815063
0.0724414348602295
0.07243722975254059
0.07243301272392273
0.07242880016565323
0.07242457866668701
0.07242034822702408
0.07241611182689667
0.0724118709564209
0.07240761816501617
0.07240335792303085
0.07239908128976821
0.07239479869604111
0.0723905086517334
0.07238620519638062
0.07238189280033111
0.07237757444381714
0.07237323969602585
0.07236890494823456
0.07236455827951431
0.07236020416021346
0.07235584557056426
0.07235147804021835
0.07234710454940796
0.07234272807836532
0.07233834266662598
0.0723339483141899
0.07232954353094101
0.07232513576745987
0.0723207250237465
0.07231630086898803
0.07231186479330062
0.0723074272274971
0.07230297327041627
0.07229851633310318
0.07229404747486115
0.07228957116603851
0.07228509187698365
0.07228059321641922
0.07227609157562256
0.0722715824842453
0.07226705998182296
0.07226253598928452
0.07225799858570099
0.07225345671176911
0.07224890291690826
0.0722443476319313
0.07223977744579316
0.07223520129919052
0.07223061621189117
0.07222602367401124
0.07222141921520234
0.0722168043255806
0.07221219092607498
0.07220756262540817
0.07220292687416077
0.0721982792019844
0.07219362407922744
0.0721889615058899
0.07218429148197174
0.07217960804700851
0.07217492163181305
0.07217021882534028
0.07216551601886749
0.07216079384088517
0.07215607017278672
0.07215133309364319
