300
TRAINING LOSS
0.8215571939945221
0.7411211967468262
0.6050697773694992
0.44590866565704346
0.2953687131404877
0.17782435417175294
0.10658655166625977
0.08322084099054336
0.09940933138132095
0.14050031155347825
0.18973505795001983
0.23217049837112427
0.25751459449529646
0.2614318788051605
0.24528896808624268
0.21468343138694762
0.1773334860801697
0.14094609767198563
0.11155325025320054
0.09258172363042831
0.08468920737504959
0.08622057288885117
0.0940419539809227
0.10449189841747283
0.11422946453094482
0.1208321213722229
0.1230799600481987
0.12093839049339294
0.11530824303627014
0.10764273554086685
0.09953575432300568
0.09236968159675599
0.08708017021417618
0.08406033515930175
0.08319410234689713
0.08398480266332627
0.08573321253061295
0.08771857172250748
0.08934548795223236
0.0902341589331627
0.09024779051542282
0.08946523964405059
0.08811638951301574
0.08650164753198623
0.08491545021533967
0.08358834385871887
0.08265518248081208
0.08214973509311677
0.08202075213193893
0.08216107189655304
0.08244105130434036
0.08273848444223404
0.08295997977256775
0.08305168896913528
0.08299981355667115
0.08282325863838196
0.08256196826696396
0.08226406723260879
0.0819747194647789
0.08172835260629654
0.08154484629631042
0.0814294010400772
0.08137511163949966
0.08136708438396453
0.08138692677021027
0.08141668140888214
0.0814416840672493
0.08145215511322021
0.08144350498914718
0.08141581863164901
0.08137264698743821
0.0813196063041687
0.08126303404569626
0.08120880424976348
0.08116155266761779
0.08112420737743378
0.08109786212444306
0.0810819610953331
0.08107462227344513
0.08107312470674514
0.08107443451881409
0.08107569217681884
0.0810745969414711
0.08106969743967056
0.0810604840517044
0.08104734867811203
0.08103138208389282
0.08101409375667572
0.08099711537361146
0.08098186403512955
0.08096932023763656
0.08095989972352982
0.08095345199108124
0.08094935119152069
0.08094666451215744
0.08094436526298524
0.0809415489435196
0.08093755692243576
0.08093207627534867
0.08092516809701919
0.08091716170310974
0.08090857565402984
0.08089998513460159
0.08089189529418946
0.08088464885950089
0.08087839037179947
0.08087305575609208
0.08086842745542526
0.08086419254541397
0.08086001276969909
0.08085561245679855
0.0808508038520813
0.08084550946950912
0.08083978593349457
0.08083375096321106
0.08082757741212845
0.08082144111394882
0.08081548660993576
0.08080978989601136
0.08080437630414963
0.08079921603202819
0.0807942122220993
0.08078928738832473
0.08078434020280838
0.08077929615974426
0.08077412247657775
0.08076881766319274
0.08076339364051818
0.08075790256261825
0.08075239211320877
0.08074690401554108
0.08074146658182144
0.08073610216379165
0.08073080778121948
0.08072556406259537
0.08072035610675812
0.0807151436805725
0.08070991486310959
0.08070465326309204
0.08069935142993927
0.08069401234388351
0.08068864643573762
0.0806832641363144
0.08067787885665893
0.08067249953746795
0.08066713362932205
0.08066177815198898
0.08065643459558487
0.08065109848976135
0.08064576238393784
0.08064041584730149
0.08063506335020065
0.08062969595193863
0.08062431216239929
0.0806189239025116
0.0806135207414627
0.08060811758041382
0.08060270547866821
0.08059728741645814
0.08059186935424804
0.08058645427227021
0.080581034719944
0.08057561218738556
0.08057017922401429
0.08056474477052689
0.08055930137634278
0.08055385053157807
0.08054839223623275
0.08054292947053909
0.08053745478391647
0.08053198009729386
0.08052649646997452
0.0805210068821907
0.08051551431417465
0.08051001280546188
0.08050450831651687
0.08049899786710739
0.08049347996711731
0.08048796206712723
0.08048243075609207
0.08047688901424407
0.08047134578227996
0.0804657980799675
0.08046024292707443
0.08045468032360077
0.08044910877943039
0.08044353276491165
0.08043795078992844
0.08043236434459686
0.08042676597833634
0.08042117059230805
0.08041555732488632
0.08040994107723236
0.08040431737899781
0.080398690700531
0.08039305061101913
0.08038740754127502
0.08038176000118255
0.08037610352039337
0.08037043809890747
0.0803647667169571
0.08035908788442611
0.08035340458154679
0.0803477093577385
0.08034200817346573
0.08033630400896072
0.08033058941364288
0.08032486587762833
0.08031914383172989
0.08031339943408966
0.08030765503644943
0.08030190020799637
0.08029614686965943
0.08029037564992905
0.08028460592031479
0.08027882426977158
0.08027303516864777
0.08026723861694336
0.08026143014431
0.0802556186914444
0.0802497997879982
0.08024397194385528
0.08023813664913178
0.0802322894334793
0.08022643923759461
0.08022058010101318
0.08021471053361892
0.08020883500576019
0.08020295053720475
0.08019706159830094
0.08019115626811982
0.08018524795770646
0.08017933070659637
0.08017340898513795
0.08016747236251831
0.08016152828931808
0.0801555797457695
0.08014962077140808
0.08014365583658219
0.08013767898082733
0.08013169318437577
0.0801256999373436
0.08011970371007919
0.08011368960142136
0.08010766953229904
0.08010164350271225
0.08009560853242874
0.08008955866098404
0.08008350282907487
0.08007744401693344
0.08007137477397919
0.08006528913974761
0.08005920052528381
0.08005310148000717
0.08004699051380157
0.0800408735871315
0.08003474771976471
0.08002861142158509
0.08002246469259262
0.08001630902290344
0.08001014888286591
0.08000397682189941
0.07999779134988785
0.07999160140752792
0.0799853965640068
0.07997918725013733
0.07997296452522278
0.0799667328596115
0.07996049523353577
0.07995424568653106
0.07994798272848129
0.07994171679019928
0.07993543893098831
0.0799291491508484
0.0799228459596634
0.07991653829813003
0.07991021722555161
0.07990389317274094
0.07989755123853684
0.07989119887351989
0.0798848420381546
0.07987847328186035
0.07987209558486938
0.07986570000648499
0.07985930144786835
0.07985289096832275
0.0798464685678482
0.0798400342464447
0.07983359694480896
0.07982714474201202
0.07982067912817001
0.07981420457363128
0.07980772107839584
0.07980122268199921
0.0797947183251381
0.07978820204734802
0.07978167235851288
0.07977513372898101
0.07976858615875244
0.0797620251774788
VALIDATION LOSS
0.6996038019657135
0.567199918627739
0.4129905432462692
0.2683050721883774
0.15710592418909072
0.0923041507601738
0.0750972107052803
0.09684757888317108
0.14264601469039917
0.19554828107357025
0.24050333797931672
0.2671892538666725
0.27131409347057345
0.25435166656970976
0.2220570355653763
0.18234033286571502
0.1431185409426689
0.11063641756772995
0.08852300196886062
0.07761716246604919
0.07641640901565552
0.08190609067678452
0.09050832837820053
0.09893000572919845
0.10476238131523133
0.1067684456706047
0.1048700138926506
0.09990301579236985
0.0932400643825531
0.08638478219509124
0.08062527775764465
0.07680447101593017
0.0752290666103363
0.07570689618587494
0.07767868936061859
0.08039810806512833
0.0831138089299202
0.08521633297204971
0.08632739335298538
0.08632555902004242
0.08531654179096222
0.08356581628322601
0.08141515552997589
0.07920317202806473
0.07720459401607513
0.07559602558612824
0.07444851398468018
0.07374200820922852
0.07339355796575546
0.07329009473323822
0.07331839799880982
0.0733868047595024
0.07343671172857284
0.07344400435686112
0.07341301441192627
0.07336602807044983
0.07333178222179412
0.07333557903766633
0.07339265197515488
0.07350530028343201
0.07366356104612351
0.07384833097457885
0.07403580546379089
0.07420207113027573
0.07432698160409927
0.07439672201871872
0.07440500855445861
0.07435290813446045
0.07424773126840592
0.07410125583410263
0.07392777800559998
0.07374218255281448
0.07355836182832717
0.07338802516460419
0.07323998361825942
0.07311981469392777
0.07302998453378677
0.07297019958496094
0.07293794602155686
0.0729292169213295
0.07293914407491683
0.07296268194913864
0.0729951098561287
0.073032346367836
0.07307119071483612
0.07310927212238312
0.07314500510692597
0.07317731976509094
0.0732055276632309
0.07322904467582703
0.07324736565351486
0.07325995713472366
0.07326633334159852
0.07326614558696747
0.07325930744409562
0.07324609905481339
0.07322719991207123
0.07320370823144913
0.07317705303430558
0.07314887195825577
0.07312080562114716
0.07309436798095703
0.07307079434394836
0.07305091768503189
0.07303516715764999
0.07302355319261551
0.07301574498414994
0.07301118522882462
0.07300916314125061
0.07300896346569061
0.07300991415977479
0.07301144897937775
0.07301314771175385
0.07301470041275024
0.07301591485738754
0.07301664501428604
0.0730168029665947
0.07301630973815917
0.0730151042342186
0.07301312386989593
0.0730103075504303
0.07300663590431214
0.07300212532281876
0.07299682199954986
0.07299081534147263
0.07298425287008285
0.07297728508710861
0.0729700818657875
0.0729628011584282
0.07295557856559753
0.0729485273361206
0.07294171899557114
0.07293520271778106
0.07292898744344711
0.07292306423187256
0.07291742116212845
0.07291201651096343
0.07290684133768081
0.07290186733007431
0.0728970780968666
0.07289246171712875
0.07288799732923508
0.07288366705179214
0.072879458963871
0.07287533581256866
0.07287127673625945
0.0728672444820404
0.07286320179700852
0.07285911738872528
0.0728549525141716
0.07285068035125733
0.07284628301858902
0.07284173965454102
0.07283703833818436
0.07283219397068023
0.07282719016075134
0.07282205373048782
0.07281679064035415
0.07281142324209214
0.07280597686767579
0.07280046194791794
0.07279492169618607
0.07278937548398971
0.07278383821249008
0.07277834415435791
0.07277291268110275
0.07276755422353745
0.07276228368282318
0.07275711297988892
0.07275203764438629
0.07274705320596694
0.07274215519428254
0.07273734211921692
0.07273257672786712
0.0727278470993042
0.07272314876317978
0.07271842956542969
0.0727137103676796
0.07270894646644592
0.07270413339138031
0.07269925624132156
0.07269431352615356
0.07268929481506348
0.07268420755863189
0.07267904281616211
0.07267382442951202
0.0726685419678688
0.07266322672367095
0.07265787273645401
0.07265249937772751
0.07264712452888489
0.07264174520969391
0.0726363867521286
0.07263104915618897
0.07262574583292007
0.07262046933174134
0.07261522710323334
0.07261002659797669
0.0726048469543457
0.07259969711303711
0.07259456664323807
0.07258944809436799
0.0725843369960785
0.07257922291755677
0.0725740984082222
0.0725689560174942
0.0725637897849083
0.07255860418081284
0.07255338728427888
0.0725481390953064
0.07254285663366318
0.07253755629062653
0.07253221720457077
0.07252686023712158
0.07252148389816285
0.0725160852074623
0.07251068502664566
0.0725052684545517
0.07249985188245774
0.07249443680047989
0.07248901873826981
0.07248360365629196
0.07247819602489472
0.0724727988243103
0.07246740013360978
0.07246200442314148
0.07245661467313766
0.07245122641324997
0.07244583666324615
0.07244044095277787
0.07243503332138061
0.07242962718009949
0.07242420315742493
0.07241877168416977
0.0724133238196373
0.07240785807371139
0.07240238040685654
0.07239689081907272
0.07239138484001159
0.07238586246967316
0.07238032966852188
0.07237478345632553
0.07236922979354858
0.0723636656999588
0.07235809415578842
0.07235251218080521
0.07234692275524139
0.07234133034944534
0.07233573496341705
0.07233013510704041
0.0723245307803154
0.0723189190030098
0.07231329530477523
0.07230767607688904
0.07230204492807388
0.07229640781879425
0.07229076325893402
0.07228510826826096
0.07227944284677505
0.07227377593517303
0.07226809412240982
0.07226240038871765
0.07225669622421264
0.07225097715854645
0.07224524915218353
0.07223951965570449
0.07223377078771591
0.07222801446914673
0.07222224920988082
0.0722164735198021
0.07221069186925888
0.07220489233732223
0.07219908684492111
0.07219327986240387
0.07218745499849319
0.0721816286444664
0.0721757873892784
0.07216993868350982
0.07216408252716064
0.07215822041034699
0.07215234190225601
0.07214646339416504
0.07214057296514512
0.07213467061519623
0.07212875783443451
0.07212283462285995
0.07211690843105316
0.07211095988750457
0.072105011343956
0.07209904789924622
0.07209306955337524
0.07208708673715591
0.0720810979604721
0.07207509428262711
0.07206907868385315
0.07206305116415024
0.07205701768398284
0.07205097079277038
0.07204491198062897
0.07203884571790695
