300
TRAINING LOSS
1.091262537240982
0.9620614409446716
0.7484564185142517
0.5087731540203094
0.29744345843791964
0.15215769708156585
0.08782431334257126
0.09732263088226319
0.1574557289481163
0.2376846343278885
0.3090460807085037
0.351030045747757
0.35502822399139405
0.32407231628894806
0.26963193714618683
0.20691492706537246
0.15023196935653688
0.10962096899747849
0.08930408656597137
0.08792943209409713
0.10011092722415924
0.11858546882867813
0.13632903397083282
0.14814338982105255
0.15146286636590958
0.14636806398630142
0.13497916758060455
0.12050684094429016
0.10625758022069931
0.09483553767204285
0.08768460005521775
0.08500263392925263
0.08596578538417816
0.08914133459329605
0.09295036047697067
0.09606054872274399
0.0976332500576973
0.09739996492862701
0.09558983892202377
0.09275939911603928
0.0895871177315712
0.08668875545263291
0.08449124097824097
0.08318007290363312
0.08271434605121612
0.08288922011852265
0.08341986685991287
0.08402247130870819
0.08447480499744416
0.08464813530445099
0.08451080322265625
0.08411003649234772
0.08354172855615616
0.08291776031255722
0.08233854770660401
0.08187511414289475
0.08156181275844573
0.08139824718236924
0.08135755956172944
0.08139773309230805
0.08147291541099548
0.08154272735118866
0.08157831579446792
0.081564961373806
0.0815015509724617
0.0813978523015976
0.08127039223909378
0.08113804012537003
0.08101800680160523
0.08092289119958877
0.08085908442735672
0.0808264896273613
0.0808196023106575
0.0808293268084526
0.08084527403116226
0.08085796535015106
0.080860535800457
0.08084969371557235
0.08082581907510758
0.08079230189323425
0.08075431436300277
0.08071742802858353
0.08068632185459138
0.08066388964653015
0.08065085709095002
0.0806459441781044
0.08064647316932679
0.08064915835857392
0.08065092861652375
0.08064957112073898
0.08064408451318741
0.08063466101884842
0.08062244057655335
0.08060908764600754
0.08059627562761307
0.08058532178401948
0.08057692497968674
0.08057112395763397
0.08056738823652268
0.08056486397981644
0.08056262582540512
0.08055988699197769
0.08055615574121475
0.08055132180452347
0.0805455580353737
0.08053925186395645
0.08053284734487534
0.08052673935890198
0.08052119314670562
0.0805162861943245
0.0805119588971138
0.08050802052021026
0.08050426244735717
0.08050047010183334
0.08049651235342026
0.08049231618642808
0.08048791140317917
0.08048335462808609
0.08047873973846435
0.08047416508197784
0.0804696798324585
0.08046530783176423
0.08046105653047561
0.08045688420534133
0.08045275807380677
0.08044863194227218
0.08044448792934418
0.08044030666351318
0.08043609112501145
0.08043185770511627
0.08042760789394379
0.08042336255311966
0.08041912317276001
0.08041490316390991
0.08041067570447921
0.08040646612644195
0.08040225207805633
0.08039803504943847
0.08039381802082061
0.08038959056138992
0.08038536757230759
0.080381141602993
0.08037691861391068
0.0803726926445961
0.08036846369504928
0.08036423325538636
0.08035998940467834
0.08035575002431869
0.08035148829221725
0.08034722656011581
0.08034296035766601
0.08033868670463562
0.08033441752195358
0.08033014237880706
0.08032586872577667
0.0803215891122818
0.08031730651855469
0.0803130179643631
0.08030872493982315
0.08030441850423813
0.08030010908842086
0.08029578775167465
0.0802914708852768
0.08028713911771775
0.08028280586004258
0.08027846813201904
0.08027412891387939
0.08026978522539138
0.08026543855667115
0.08026108145713806
0.08025671988725662
0.08025234937667847
0.08024797886610031
0.08024359792470932
0.08023921400308609
0.08023481965065002
0.0802304208278656
0.08022601902484894
0.08022161275148391
0.08021719604730607
0.08021277785301209
0.08020835071802139
0.08020392507314682
0.08019948601722718
0.08019503802061081
0.08019058704376221
0.08018613457679749
0.08018166869878769
0.08017719984054565
0.08017272800207138
0.08016824275255204
0.0801637589931488
0.08015926331281661
0.08015476614236831
0.08015025854110717
0.08014574646949768
0.08014122545719146
0.08013670444488526
0.0801321730017662
0.08012763410806656
0.08012309074401855
0.08011854141950607
0.08011398017406464
0.08010942041873932
0.08010485023260117
0.08010027259588241
0.08009568899869919
0.08009109795093536
0.08008650243282318
0.08008190095424653
0.0800772875547409
0.08007267117500305
0.0800680473446846
0.08006341457366943
0.08005877882242203
0.08005413264036179
0.08004948496818542
0.08004482984542846
0.08004016280174256
0.08003548681735992
0.08003081083297729
0.08002612590789795
0.08002143204212189
0.08001673370599746
0.08001202195882798
0.08000731319189072
0.08000258803367614
0.07999786138534545
0.07999312281608581
0.07998838126659394
0.0799836277961731
0.07997887432575226
0.07997410595417023
0.07996933460235596
0.07996454983949661
0.07995976507663727
0.07995497435331345
0.07995017170906067
0.07994536012411117
0.07994054555892945
0.07993571758270264
0.07993088960647583
0.07992604821920395
0.07992120087146759
0.07991634160280228
0.07991148233413696
0.0799066111445427
0.07990172803401947
0.07989684492349625
0.07989195138216018
0.0798870489001274
0.07988213896751403
0.07987722158432006
0.0798722967505455
0.07986735850572586
0.07986242324113846
0.07985747158527375
0.07985251545906066
0.0798475444316864
0.07984257191419601
0.07983759045600891
0.07983259856700897
0.07982759922742844
0.07982259541749955
0.07981757670640946
0.07981255650520325
0.07980752289295197
0.07980248034000396
0.0797974333167076
0.07979237586259842
0.07978730797767639
0.07978223711252212
0.07977715730667115
0.07977206557989121
0.07976696640253067
0.07976185381412507
0.07975674122571945
0.07975161224603652
0.07974648326635361
0.0797413393855095
0.07973618656396866
0.07973102778196335
0.07972585707902909
0.07972067892551422
0.07971549183130264
0.07971029579639435
0.07970509082078933
0.07969987839460373
0.07969465106725693
0.07968942373991013
0.07968418151140214
0.0796789288520813
0.07967366874217988
0.07966840416193008
0.07966312319040299
0.07965783774852753
0.07965254038572311
0.07964723706245422
0.07964191734790801
0.0796365961432457
VALIDATION LOSS
0.9125927925109864
0.7044883131980896
0.472154101729393
0.2693240076303482
0.13299341797828673
0.07742573767900467
0.0949406549334526
0.16189187616109849
0.24741719663143158
0.32236377596855165
0.36616464853286745
0.37027800977230074
0.33790859282016755
0.280782887339592
0.21442282646894456
0.15348260402679442
0.10834631621837616
0.08356150388717651
0.07806160002946853
0.08669175952672958
0.10235719084739685
0.11813554018735886
0.12886451184749603
0.13195363730192183
0.12740627080202102
0.11722366511821747
0.10446816086769103
0.09228129833936691
0.08309806734323502
0.0782003328204155
0.07764061242341995
0.0804739311337471
0.08517574965953827
0.09010735899209976
0.0939090758562088
0.09574546813964843
0.09537837654352188
0.09308941513299943
0.08950387388467788
0.08537901639938354
0.08141321092844009
0.0781140610575676
0.07574081122875213
0.07431546002626419
0.07368238866329194
0.07359081208705902
0.07377526760101319
0.07401685416698456
0.07417665421962738
0.07420147806406022
0.07410836517810822
0.07395722568035126
0.07382116317749024
0.07376176416873932
0.07381367534399033
0.07397932559251785
0.07423240840435028
0.07452709823846818
0.07480976283550263
0.07503020018339157
0.07515032440423966
0.07514932453632354
0.07502507269382477
0.07479225397109986
0.07447823286056518
0.07411762475967407
0.07374664396047592
0.07339811325073242
0.07309769541025161
0.07286179810762405
0.07269707769155502
0.07260140478610992
0.07256592959165573
0.07257776856422424
0.07262267172336578
0.07268732339143753
0.072760908305645
0.07283582240343094
0.07290757149457931
0.07297402620315552
0.07303442358970642
0.07308836281299591
0.07313505113124848
0.07317298650741577
0.07320009618997574
0.07321414947509766
0.07321343570947647
0.07319727092981339
0.07316643595695496
0.0731232300400734
0.07307123690843582
0.07301482856273651
0.0729585662484169
0.07290657907724381
0.07286206632852554
0.07282702326774597
0.07280218601226807
0.07278717309236526
0.07278078645467759
0.07278135418891907
0.07278703898191452
0.07279613465070725
0.07280718684196472
0.07281904071569442
0.07283082455396653
0.07284189909696578
0.0728517398238182
0.07285991013050079
0.0728660300374031
0.07286978363990784
0.0728709414601326
0.07286943048238755
0.07286532074213029
0.07285885512828827
0.07285043895244599
0.07284055650234222
0.07282976359128952
0.072818623483181
0.07280762046575547
0.07279717326164245
0.07278757095336914
0.07277900576591492
0.07277157008647919
0.07276526540517807
0.07276004403829575
0.07275581359863281
0.07275244891643524
0.0727498099207878
0.07274774312973023
0.07274610102176667
0.07274471819400788
0.07274345308542252
0.07274215668439865
0.07274071127176285
0.07273900359869004
0.07273694425821305
0.07273449748754501
0.072731614112854
0.07272828519344329
0.07272454649209976
0.07272042334079742
0.07271596044301987
0.07271122187376022
0.07270626723766327
0.07270116209983826
0.0726959839463234
0.07269079089164734
0.07268565595149994
0.07268062084913254
0.07267575114965438
0.0726710632443428
0.0726665884256363
0.0726623296737671
0.07265828549861908
0.07265444844961166
0.0726507768034935
0.07264725267887115
0.07264383137226105
0.0726404681801796
0.07263712584972382
0.07263377159833909
0.07263036221265792
0.07262686789035797
0.07262327671051025
0.07261955887079238
0.07261571735143661
0.07261174470186234
0.07260764092206955
0.07260343283414841
0.07259912937879562
0.07259475588798522
0.07259032875299454
0.07258587777614593
0.07258143573999405
0.07257700115442275
0.07257261276245117
0.07256827652454376
0.07256400436162949
0.07255979776382446
0.0725556567311287
0.0725515678524971
0.07254754453897476
0.07254355698823929
0.07253959327936173
0.07253564298152923
0.0725316971540451
0.07252773642539978
0.07252375334501267
0.0725197359919548
0.07251568287611007
0.07251157760620117
0.07250743955373765
0.0725032478570938
0.07249902188777924
0.07249475866556168
0.07249047011137008
0.0724861592054367
0.07248183339834213
0.07247750461101532
0.0724731743335724
0.07246885299682618
0.07246454060077667
0.07246024012565613
0.07245595753192902
0.07245168387889862
0.07244742512702942
0.07244317531585694
0.07243893295526505
0.07243468910455704
0.07243044972419739
0.0724261999130249
0.07242193967103958
0.07241767048835754
0.0724133849143982
0.07240908890962601
0.07240477204322815
0.0724004402756691
0.07239608913660049
0.07239172458648682
0.07238735109567643
0.07238296866416931
0.07237856537103653
0.07237416803836823
0.07236975580453872
0.07236533910036087
0.07236092388629914
0.07235650718212128
0.0723520815372467
0.07234765738248825
0.07234323173761367
0.07233880013227463
0.07233436554670333
0.07232993096113205
0.0723254844546318
0.07232103198766708
0.07231657356023788
0.07231210917234421
0.0723076343536377
0.07230314165353775
0.07229864895343781
0.07229415029287338
0.07228963673114777
0.07228511571884155
0.07228058725595474
0.07227604687213898
0.07227150350809097
0.07226694822311401
0.0722623884677887
0.07225782126188278
0.07225325256586075
0.07224866896867752
0.07224407941102981
0.07223949134349823
0.07223489135503769
0.0722302794456482
0.07222566902637481
0.07222104370594025
0.07221641540527343
0.07221177667379379
0.0722071349620819
0.07220247983932496
0.07219781279563904
0.07219314724206924
0.07218846678733826
0.0721837818622589
0.07217909246683121
0.07217438817024231
0.07216967791318893
0.07216495722532272
0.07216023057699203
0.07215549796819687
0.07215075641870498
0.07214600592851639
0.07214124649763107
0.07213648110628128
0.072131709754467
0.07212692797183991
0.07212213277816773
0.07211733609437943
0.07211253046989441
0.07210771590471268
0.07210288792848588
0.07209805697202683
0.07209321856498718
0.07208836823701859
0.07208350896835328
0.07207864224910736
0.07207376807928086
0.07206888347864152
0.07206399142742156
0.07205908894538879
0.07205417901277542
0.07204926460981369
0.07204433679580688
0.07203940153121949
0.07203445732593536
0.07202950119972229
0.0720245435833931
0.07201957404613495
0.07201458662748336
