300
TRAINING LOSS
0.9432666718959808
0.831064909696579
0.6460803464055062
0.4396230116486549
0.2593524634838104
0.13783884942531585
0.0872695729136467
0.10031095594167709
0.15565943568944932
0.22603034675121308
0.28617032468318937
0.31886493861675264
0.3177368059754372
0.2866775617003441
0.23670976608991623
0.18164238184690476
0.13393492102622986
0.1018130287528038
0.08809623569250107
0.09064262360334396
0.10392791330814362
0.12111258059740067
0.1359829917550087
0.14432259500026703
0.14450403898954392
0.13732618987560272
0.12529649436473847
0.11165105998516082
0.09940583109855652
0.09066269993782043
0.08628488481044769
0.08594302237033843
0.08844288438558578
0.09219576716423035
0.09568644315004349
0.0978241115808487
0.09811437577009201
0.09664786010980606
0.09394755661487579
0.09074344485998154
0.08774615824222565
0.08547565042972564
0.08417521566152572
0.08381253480911255
0.08414815217256547
0.0848391592502594
0.08554487079381942
0.0860079824924469
0.08609711229801179
0.08580901324748993
0.0852391391992569
0.08453501015901566
0.08384770601987838
0.08329377323389053
0.08293451070785522
0.08277357369661331
0.0827693685889244
0.08285551965236664
0.08296269029378892
0.0830358773469925
0.08304410129785537
0.08298185616731643
0.08286397755146027
0.0827168270945549
0.08256875425577163
0.08244254291057587
0.08235110342502594
0.0822966992855072
0.08227300643920898
0.0822688177227974
0.08227194845676422
0.08227240890264512
0.08226420134305953
0.08224567025899887
0.08221864998340607
0.08218701481819153
0.08215511292219162
0.08212650567293167
0.08210326582193375
0.08208586126565934
0.08207346946001053
0.08206453025341034
0.08205735087394714
0.08205052316188813
0.08204318583011627
0.08203506767749787
0.0820263147354126
0.08201733529567719
0.08200857043266296
0.08200035989284515
0.08199287205934525
0.08198611885309219
0.08197999000549316
0.08197431415319442
0.08196895867586136
0.08196381330490113
0.08195882141590119
0.08195397406816482
0.0819492757320404
0.0819447323679924
0.0819403350353241
0.0819360762834549
0.08193192780017852
0.08192785829305649
0.0819238543510437
0.08191990256309509
0.08191600888967514
0.08191217035055161
0.08190840631723403
0.0819047138094902
0.08190108835697174
0.08189752399921417
0.0818940132856369
0.08189053982496261
0.08188709318637848
0.08188367635011673
0.08188028633594513
0.08187691122293472
0.08187356740236282
0.08187023550271988
0.0818669244647026
0.08186362385749817
0.08186032921075821
0.08185704201459884
0.0818537637591362
0.08185049146413803
0.08184722512960434
0.08184398710727692
0.08184076100587845
0.08183755278587342
0.08183435648679734
0.08183117657899856
0.08182800114154816
0.08182481825351715
0.08182163089513779
0.08181844055652618
0.08181524574756623
0.08181205093860626
0.08180885910987853
0.08180567324161529
0.08180250525474549
0.08179934173822404
0.0817961871623993
0.08179304301738739
0.08178989887237549
0.0817867487668991
0.08178360164165496
0.08178044557571411
0.0817772850394249
0.08177412301301956
0.08177096843719482
0.08176780939102173
0.08176465630531311
0.08176151812076568
0.08175837397575378
0.08175523430109025
0.08175209909677505
0.08174896240234375
0.08174582570791245
0.0817426785826683
0.08173954039812088
0.0817363977432251
0.08173325061798095
0.08173011094331742
0.08172696828842163
0.08172383159399033
0.08172069638967513
0.08171755820512772
0.08171443194150925
0.08171129077672959
0.08170815855264664
0.08170502334833145
0.08170188814401627
0.08169875144958497
0.08169561475515366
0.08169247508049012
0.08168934136629105
0.08168620616197586
0.0816830724477768
0.0816799372434616
0.08167679905891419
0.08167366683483124
0.08167053759098053
0.08166740238666534
0.08166426420211792
0.08166113197803497
0.0816579967737198
0.0816548615694046
0.0816517248749733
0.08164858520030975
0.08164544850587845
0.08164231926202774
0.08163918107748032
0.08163604438304901
0.08163290768861771
0.0816297709941864
0.08162663131952286
0.08162349462509155
0.08162035644054413
0.0816172182559967
0.08161407858133315
0.08161094337701798
0.08160779923200608
0.08160466104745864
0.08160152286291122
0.08159838169813156
0.0815952405333519
0.08159209936857223
0.08158895522356033
0.08158580958843231
0.08158266842365265
0.08157952427864075
0.08157637864351272
0.0815732330083847
0.0815700888633728
0.08156694024801255
0.0815637931227684
0.08156064301729202
0.08155749440193176
0.08155435025691986
0.08155119866132736
0.08154804557561875
0.081544890999794
0.0815417379140854
0.08153858333826065
0.08153543025255203
0.08153227418661117
0.08152912110090256
0.08152596354484558
0.08152280151844024
0.08151964545249939
0.08151648342609405
0.08151332437992095
0.08151016235351563
0.08150699883699417
0.08150383234024047
0.08150067031383515
0.08149750232696533
0.08149433135986328
0.08149116337299347
0.08148799538612365
0.08148482143878936
0.08148165196180343
0.08147847652435303
0.08147530406713485
0.0814721256494522
0.08146894872188568
0.08146577030420303
0.08146259188652039
0.08145940750837326
0.08145622462034226
0.08145303875207902
0.081449855864048
0.08144666999578476
0.08144348114728928
0.08144028782844544
0.08143709897994995
0.08143390864133834
0.08143071383237839
0.08142751753330231
0.08142431825399399
0.08142111748456955
0.08141791969537734
0.0814147174358368
0.08141151368618012
0.08140831291675568
0.08140509873628617
0.08140189051628113
0.08139867931604386
0.0813954696059227
0.08139225691556931
0.0813890427350998
0.0813858225941658
0.08138260692358017
0.08137938380241394
0.08137616366147996
0.08137293606996536
0.08136970698833465
0.08136647939682007
0.08136324882507324
0.0813600167632103
0.08135678321123123
0.08135354518890381
0.08135030269622803
0.08134706616401673
0.08134382367134094
0.08134057968854905
0.08133732974529266
0.08133408576250076
0.08133083581924438
0.08132758140563964
0.08132432550191879
0.08132106512784958
0.0813178077340126
0.08131454586982727
0.0813112810254097
0.08130801469087601
0.08130474537611007
0.08130147308111191
0.08129820227622986
VALIDATION LOSS
0.7865971744060516
0.6064021348953247
0.4063598573207855
0.23353057652711867
0.11988087743520737
0.07703116089105606
0.09714984148740768
0.15852900296449662
0.2335899740457535
0.29690458029508593
0.33120340555906297
0.330166132748127
0.29783845096826556
0.2454728364944458
0.18715944290161132
0.1356651231646538
0.09952463656663894
0.08184754401445389
0.08074568957090378
0.09089988768100739
0.10561912804841996
0.11877849996089936
0.1261912539601326
0.12620561718940734
0.11954930573701858
0.10862182080745697
0.09652546793222427
0.0861281007528305
0.07938027977943421
0.07700074166059494
0.07853104323148727
0.08266987651586533
0.08774803578853607
0.09219874441623688
0.09490883648395539
0.09538908451795577
0.09375951737165451
0.09059223234653473
0.08668066114187241
0.08280748426914215
0.07956773787736893
0.077277509868145
0.07597055137157441
0.07546318769454956
0.07545554339885711
0.07563580721616744
0.07576115727424622
0.07570095658302307
0.0754404455423355
0.07505346387624741
0.0746583566069603
0.07437216341495514
0.07427533715963364
0.074393530189991
0.07469750493764878
0.07511729449033737
0.07556401193141937
0.07595247030258179
0.07621869742870331
0.07632948011159897
0.0762831449508667
0.07610352188348771
0.0758298933506012
0.07550624012947083
0.07517231851816178
0.0748581200838089
0.0745819479227066
0.07435161024332046
0.07416736632585526
0.074025459587574
0.07392106652259826
0.07385017126798629
0.07381011694669723
0.0737992376089096
0.07381588667631149
0.073857481777668
0.07391986697912216
0.07399720549583436
0.07408239096403121
0.07416781783103943
0.07424627244472504
0.07431176900863648
0.07436008006334305
0.07438899576663971
0.07439827024936677
0.07438929229974747
0.0743646815419197
0.07432781308889388
0.07428238838911057
0.07423210442066193
0.07418041080236434
0.07413034588098526
0.07408443093299866
0.07404462546110153
0.07401228696107864
0.07398817986249924
0.07397247701883317
0.07396481782197953
0.07396439015865326
0.07397002726793289
0.07398031055927276
0.07399373352527619
0.07400875091552735
0.0740239679813385
0.0740381583571434
0.07405034303665162
0.07405980229377747
0.07406610101461411
0.07406906336545944
0.07406874597072602
0.07406540960073471
0.07405946552753448
0.07405143529176712
0.07404191493988037
0.07403149753808975
0.0740207552909851
0.07401021867990494
0.07400031089782715
0.07399136424064637
0.07398360669612884
0.07397714853286744
0.07397201210260392
0.07396811842918397
0.07396535277366638
0.07396352589130402
0.07396243512630463
0.0739618644118309
0.07396158128976822
0.0739613950252533
0.07396111637353897
0.07396060526371002
0.07395975738763809
0.07395848482847214
0.07395675480365753
0.07395457923412323
0.07395197004079819
0.07394898682832718
0.0739456981420517
0.07394217103719711
0.07393848150968552
0.07393469661474228
0.07393088042736054
0.07392708510160446
0.07392334640026092
0.07391969263553619
0.07391615062952042
0.07391273081302643
0.0739094376564026
0.07390627413988113
0.07390323281288147
0.07390030622482299
0.07389746904373169
0.07389471977949143
0.07389203757047653
0.07388940453529358
0.07388679683208466
0.07388420403003693
0.07388160526752471
0.07387899607419968
0.07387636303901672
0.07387369871139526
0.07387099862098694
0.07386825531721115
0.07386547029018402
0.07386263906955719
0.07385977059602737
0.0738568514585495
0.073853899538517
0.07385091036558152
0.07384789437055587
0.07384485602378846
0.07384180873632432
0.0738387569785118
0.07383571118116379
0.07383267730474471
0.07382966578006744
0.07382667064666748
0.07382371425628662
0.07382078021764756
0.07381788343191147
0.07381501644849778
0.07381217181682587
0.07380935102701187
0.07380654513835908
0.07380375266075134
0.07380096018314361
0.07379816770553589
0.07379536926746369
0.07379255890846252
0.07378973513841629
0.07378688603639602
0.07378402948379517
0.07378114461898803
0.07377824783325196
0.07377533018589019
0.07377240061759949
0.07376946061849594
0.07376651167869568
0.07376356273889542
0.07376061826944351
0.07375767081975937
0.07375473827123642
0.0737518161535263
0.07374889403581619
0.07374599277973175
0.0737430989742279
0.07374021708965302
0.07373733520507812
0.07373447269201279
0.07373160421848297
0.07372874021530151
0.0737258791923523
0.07372300773859024
0.07372013777494431
0.07371726334095001
0.073714379966259
0.0737114891409874
0.07370859533548355
0.07370568960905075
0.07370278388261794
0.07369987219572068
0.07369695752859115
0.07369403839111328
0.07369112372398376
0.07368820458650589
0.07368528842926025
0.07368236631155015
0.07367945164442062
0.07367654293775558
0.07367363125085831
0.07367072403430938
0.07366781383752823
0.07366490960121155
0.07366200387477875
0.07365909665822983
0.07365618944168091
0.07365328520536422
0.07365037649869918
0.07364746928215027
0.07364456057548523
0.07364164143800736
0.07363872677087784
0.07363580465316773
0.0736328825354576
0.07362996339797974
0.07362703382968902
0.07362410575151443
0.07362117767333984
0.07361824810504913
0.07361531555652619
0.07361239194869995
0.07360945194959641
0.07360651940107346
0.0736035868525505
0.07360065430402755
0.07359771579504013
0.0735947847366333
0.07359184622764588
0.07358890771865845
0.0735859677195549
0.07358302772045136
0.0735800877213478
0.07357714027166366
0.07357419282197952
0.0735712468624115
0.07356829941272736
0.07356534898281097
0.07356239259243011
0.07355943769216537
0.07355648726224899
0.07355352491140366
0.07355056703090668
0.07354760468006134
0.07354464679956436
0.07354168444871903
0.07353871613740921
0.0735357478260994
0.07353278249502182
0.07352981269359589
0.07352683991193772
0.0735238641500473
0.07352088540792465
0.07351791560649872
0.07351493388414383
0.07351195514202118
0.07350897341966629
0.07350598722696304
0.07350299954414367
0.07350000888109207
0.07349701672792434
0.07349402755498886
0.0734910324215889
0.07348803728818894
0.07348504513502122
0.07348203808069229
0.07347903847694397
0.0734760358929634
0.07347302883863449
0.07347002029418945
0.07346701323986053
