300
TRAINING LOSS
0.640223479270935
0.5649156630039215
0.4411864340305328
0.3041371524333954
0.18634563386440278
0.10981575548648834
0.08216550052165986
0.09724073857069016
0.13920542299747468
0.18844929337501526
0.2274537980556488
0.2450532764196396
0.23820646703243256
0.2112322449684143
0.1731908142566681
0.1344962626695633
0.10384893417358398
0.08625789433717727
0.0824550598859787
0.08955776542425156
0.10253844410181046
0.11594826579093934
0.12539811432361603
0.12846864014863968
0.1249339982867241
0.11638080775737762
0.1054391697049141
0.09489767849445344
0.08695031553506852
0.08274167776107788
0.08226979076862335
0.08460348397493363
0.08829867839813232
0.0918684259057045
0.09417431205511093
0.09465207606554031
0.09334411472082138
0.09076756536960602
0.08768454492092133
0.08485394120216369
0.08283337205648422
0.08187299221754074
0.08191046416759491
0.0826480120420456
0.08367515355348587
0.0845960482954979
0.0851279154419899
0.08515063524246216
0.0847048282623291
0.08394893705844879
0.08309457004070282
0.0823410153388977
0.0818258985877037
0.08160158395767211
0.08163821697235107
0.08184741288423539
0.08211650550365449
0.0823421984910965
0.0824552446603775
0.08243131935596466
0.08228819817304611
0.08207253813743591
0.08184184730052949
0.0816472589969635
0.08152141571044921
0.08147363066673279
0.081492018699646
0.08155073821544648
0.08161942213773728
0.08167182952165604
0.08169176429510117
0.08167514652013778
0.08162859827280045
0.08156551867723465
0.08150120228528976
0.08144849091768265
0.08141489177942277
0.08140173703432083
0.08140504956245423
0.08141765594482422
0.08143167048692704
0.08144067525863648
0.08144106864929199
0.08143240511417389
0.08141685128211976
0.08139805495738983
0.08137989789247513
0.08136540353298187
0.08135610520839691
0.08135195523500442
0.0813516467809677
0.08135318011045456
0.08135454058647155
0.08135420978069305
0.08135144859552383
0.08134632855653763
0.08133954256772995
0.08133210241794586
0.08132498413324356
0.08131891191005707
0.08131420016288757
0.08131077438592911
0.08130825310945511
0.08130613714456558
0.08130394667387009
0.08130134344100952
0.08129819631576538
0.08129456788301467
0.08129064589738846
0.0812866821885109
0.08128288388252258
0.08127939850091934
0.08127625584602356
0.08127340227365494
0.08127071410417556
0.08126805573701859
0.0812653124332428
0.08126241415739059
0.08125934898853301
0.08125613778829574
0.08125285357236862
0.08124955296516419
0.08124630153179169
0.0812431275844574
0.08124003559350967
0.08123701065778732
0.0812340334057808
0.08123106509447098
0.0812280997633934
0.08122510612010955
0.08122209310531617
0.08121907114982604
0.08121604770421982
0.08121303617954254
0.08121005147695541
0.08120708614587784
0.08120413273572921
0.0812011942267418
0.08119825124740601
0.08119530081748963
0.08119233548641205
0.08118935376405716
0.08118635714054108
0.08118335157632828
0.08118034154176712
0.08117732852697372
0.08117431700229645
0.08117130845785141
0.08116831183433533
0.08116530925035477
0.0811623141169548
0.08115932047367096
0.08115632385015488
0.08115333020687103
0.08115034103393555
0.08114735037088394
0.08114435672760009
0.08114136755466461
0.08113838136196136
0.08113539665937423
0.08113240599632263
0.08112941682338715
0.08112642765045167
0.08112343549728393
0.0811204344034195
0.08111743181943894
0.0811144232749939
0.08111141175031662
0.08110840767621993
0.08110539317131042
0.08110238313674926
0.081099371612072
0.08109635561704635
0.08109333664178849
0.0810903251171112
0.08108730763196945
0.08108429014682769
0.08108127266168594
0.08107825517654418
0.08107523620128632
0.08107222020626068
0.08106919676065445
0.08106617331504821
0.08106315284967422
0.08106012791395187
0.08105709701776505
0.0810540720820427
0.08105103820562362
0.08104800581932067
0.0810449779033661
0.08104193806648255
0.081038898229599
0.08103585541248322
0.08103281706571579
0.08102977573871613
0.08102672845125199
0.08102368265390396
0.0810206338763237
0.0810175821185112
0.08101453781127929
0.08101148307323455
0.08100842833518981
0.08100537210702896
0.08100231140851974
0.08099925369024277
0.08099619299173355
0.08099313080310822
0.080990070104599
0.08098700493574143
0.08098393380641937
0.08098086565732956
0.0809777945280075
0.08097472041845322
0.0809716448187828
0.08096856325864792
0.08096548467874527
0.08096240162849426
0.08095931857824326
0.08095623403787613
0.08095314502716064
0.08095005601644516
0.08094696253538132
0.08094386756420135
0.08094076961278915
0.08093767911195755
0.08093457370996475
0.08093146979808807
0.08092836737632751
0.0809252604842186
0.08092215657234192
0.08091904520988465
0.080915929377079
0.08091281652450562
0.0809097021818161
0.08090657889842987
0.08090345859527588
0.08090033233165742
0.08089720755815506
0.08089407980442047
0.08089094758033752
0.08088781386613846
0.08088468015193939
0.08088154345750809
0.08087840378284454
0.08087525963783264
0.0808721125125885
0.08086896687746048
0.08086581826210022
0.08086266368627548
0.08085951209068298
0.08085635304450989
0.08085319399833679
0.08085003197193145
0.08084686696529389
0.08084369897842407
0.08084053099155426
0.08083735853433609
0.08083418607711793
0.08083100318908691
0.08082783222198486
0.08082464635372162
0.08082145601511001
0.08081826865673065
0.08081508129835129
0.08081188350915909
0.08080869019031525
0.08080549091100693
0.08080228716135025
0.08079908788204193
0.0807958796620369
0.08079267144203187
0.0807894617319107
0.08078624457120895
0.08078302592039108
0.08077980279922485
0.08077658116817474
0.08077335208654404
0.08077012598514557
0.08076688796281814
0.08076365292072296
0.08076041787862778
0.08075717389583588
0.08075393140316009
0.08075068891048431
0.08074743151664734
0.08074418008327484
0.08074092268943786
0.08073766380548478
0.08073440492153168
0.08073113411664963
0.08072787225246429
0.08072459697723389
0.08072132468223572
0.08071804344654084
0.08071476072072983
0.08071147501468659
0.0807081937789917
0.08070490211248398
0.08070160746574402
0.08069830983877183
VALIDATION LOSS
0.5251891613006592
0.40587915778160094
0.27474832236766816
0.1638142690062523
0.09450957626104355
0.07390932142734527
0.0953791618347168
0.1426933601498604
0.19596254527568818
0.23751066923141478
0.2561373054981232
0.24888064563274384
0.22023605406284333
0.17951400578022003
0.1374255269765854
0.10298732370138168
0.08151856660842896
0.07403336018323899
0.07788652628660202
0.08823184818029403
0.09973965883255005
0.1080766573548317
0.11081912368535995
0.10768345445394516
0.1001546174287796
0.09072852730751038
0.08203945010900497
0.07611933201551438
0.07395482808351517
0.07540049403905869
0.07940465956926346
0.08443187475204468
0.08893652111291886
0.09175513535737992
0.09233050495386123
0.09074048101902008
0.08756064474582673
0.08362811505794525
0.07978624999523162
0.07667970806360244
0.07464184165000916
0.07368426918983459
0.07356975674629211
0.07393214255571365
0.07440238744020462
0.0747068852186203
0.07471835613250732
0.07445608973503112
0.0740459144115448
0.07365898042917252
0.07344982177019119
0.07351056784391403
0.07385051995515823
0.07440192997455597
0.0750458374619484
0.07564761489629745
0.07609137296676635
0.07630447000265121
0.07626777291297912
0.07601154446601868
0.0756006270647049
0.07511453479528427
0.07462833374738694
0.0741986557841301
0.07385714054107666
0.07361124306917191
0.07345041334629059
0.07335489392280578
0.07330411225557328
0.07328273206949235
0.07328315675258637
0.07330481857061386
0.07335110306739807
0.0734255000948906
0.07352820932865142
0.07365426272153855
0.07379350066184998
0.07393214255571365
0.07405541390180588
0.07415031343698501
0.07420792281627656
0.07422463148832321
0.07420221865177154
0.07414694428443909
0.07406793385744095
0.07397539019584656
0.073878975212574
0.07378671765327453
0.07370444983243943
0.07363577783107758
0.07358245998620987
0.07354489415884018
0.07352260798215866
0.07351462095975876
0.07351965308189393
0.07353609800338745
0.07356198877096176
0.07359494864940644
0.07363223284482956
0.07367082387208938
0.07370764613151551
0.07373986840248108
0.07376516312360763
0.07378192842006684
0.07378941476345062
0.0737877368927002
0.07377775907516479
0.07376096546649932
0.07373918890953064
0.07371442168951034
0.07368860393762589
0.07366347759962082
0.0736404925584793
0.0736207440495491
0.07360497564077377
0.07359359413385391
0.07358664572238922
0.07358394265174865
0.07358503937721253
0.07358929216861725
0.07359591126441956
0.07360403686761856
0.07361276000738144
0.07362122535705566
0.07362865060567855
0.07363444417715073
0.07363812923431397
0.07363946884870529
0.0736384242773056
0.07363510876893997
0.07362981885671616
0.07362293899059295
0.07361493855714799
0.0736063078045845
0.07359752357006073
0.07358902245759964
0.07358116060495376
0.07357422709465027
0.07356840372085571
0.0735637828707695
0.07356036156415939
0.07355805039405823
0.07355670779943466
0.0735561266541481
0.07355608642101288
0.07355632483959199
0.07355661243200302
0.07355672568082809
0.07355647534132004
0.07355572879314423
0.07355439513921738
0.07355243265628815
0.07354985326528549
0.07354671806097031
0.07354309856891632
0.07353910803794861
0.0735348716378212
0.07353053241968155
0.0735261932015419
0.07352196127176285
0.07351793646812439
0.07351417392492295
0.07351072281599044
0.07350758016109467
0.0735047459602356
0.0735021948814392
0.0734998717904091
0.0734977275133133
0.07349569052457809
0.07349369525909424
0.0734916791319847
0.07348959296941757
0.07348739951848984
0.07348505705595017
0.07348255962133407
0.07347989529371261
0.0734770804643631
0.07347411811351776
0.07347105145454406
0.07346789985895157
0.07346470355987549
0.07346148192882537
0.07345828413963318
0.07345512211322784
0.07345202118158341
0.07344898730516433
0.07344603985548019
0.07344316989183426
0.07344037443399429
0.07343765199184418
0.07343496680259705
0.07343232929706574
0.07342970669269562
0.07342707961797715
0.07342444509267806
0.07342178672552109
0.07341909259557725
0.07341635674238205
0.07341358214616775
0.07341076135635376
0.07340789884328842
0.07340501695871353
0.07340209335088729
0.0733991578221321
0.07339621037244796
0.07339326590299607
0.07339032143354415
0.07338739186525345
0.07338448017835617
0.07338158637285233
0.07337871193885803
0.0733758568763733
0.07337301224470139
0.07337018698453904
0.07336736768484116
0.07336455583572388
0.07336174249649048
0.07335892468690872
0.07335610389709472
0.07335327565670013
0.07335042953491211
0.0733475774526596
0.07334471195936203
0.07334183007478715
0.07333894222974777
0.0733360469341278
0.07333314418792725
0.07333023697137833
0.07332732230424881
0.07332441061735154
0.07332149744033814
0.0733185887336731
0.0733156830072403
0.0733127772808075
0.07330988049507141
0.07330698370933533
0.07330408245325089
0.07330118864774704
0.07329829633235932
0.07329539805650712
0.07329249829053879
0.07328960448503494
0.07328669726848602
0.07328378558158874
0.07328087240457534
0.07327795177698135
0.07327503710985184
0.07327210456132889
0.0732691690325737
0.07326623797416687
0.07326329797506333
0.07326035499572754
0.07325741797685623
0.07325446754693984
0.07325152605772019
0.0732485756278038
0.07324562817811966
0.07324267774820328
0.07323972284793853
0.07323677390813828
0.07323382049798965
0.07323086261749268
0.07322790324687958
0.0732249453663826
0.07322198003530503
0.07321901619434357
0.07321604788303375
0.07321307510137558
0.07321009784936905
0.0732071191072464
0.07320414036512375
0.07320115566253663
0.07319816648960113
0.07319517731666565
0.07319218218326569
0.07318919152021408
0.07318618893623352
0.07318319082260132
0.07318018525838851
0.07317718267440795
0.07317417412996292
0.07317116409540177
0.07316815704107285
0.07316513508558273
0.07316212058067321
0.07315909564495086
0.07315607219934464
0.07315304577350616
0.07315001785755157
0.07314698547124862
0.07314394861459732
0.07314091324806213
0.07313787639141082
0.07313483059406281
0.07313178032636643
0.07312873303890229
0.07312567979097366
0.07312262356281281
0.07311956584453583
0.07311649918556214
