300
TRAINING LOSS
1.3867252230644227
1.2885858297348023
1.1164190620183945
0.9013946324586868
0.6755410552024841
0.46676580905914306
0.2956163868308067
0.1738312602043152
0.1044298142194748
0.0829538494348526
0.09945430010557174
0.14084301441907882
0.19326458722352982
0.2441829562187195
0.2839381918311119
0.30662001222372054
0.3102237582206726
0.29617646634578704
0.2684188112616539
0.2322774976491928
0.19335695058107377
0.15662846863269805
0.12582016438245774
0.10313350409269333
0.08925183117389679
0.08356794565916062
0.08454336524009705
0.09011593908071518
0.09808751791715623
0.10644393712282181
0.11358050405979156
0.11842499375343322
0.1204647734761238
0.11969552636146545
0.11651462763547897
0.11158455461263657
0.10568977445363999
0.09960688352584839
0.09400190263986588
0.08936269283294677
0.08596814721822739
0.08389112502336502
0.08302807211875915
0.0831463873386383
0.08393979966640472
0.08508282303810119
0.08627723604440689
0.08728576451539993
0.08795101940631866
0.08819979578256607
0.08803527206182479
0.0875203862786293
0.08675656616687774
0.08586164116859436
0.08495014756917954
0.08411818444728851
0.08343406915664672
0.08293462246656418
0.082626673579216
0.08249219059944153
0.08249577432870865
0.08259282410144805
0.08273728936910629
0.08288792669773101
0.08301260024309158
0.08309046626091003
0.08311223089694977
0.08307877779006959
0.08299882411956787
0.08288599699735641
0.08275591731071472
0.08262367248535156
0.0825018897652626
0.08239954859018325
0.08232155591249465
0.08226897269487381
0.0822396457195282
0.08222917318344117
0.08223196417093277
0.08224217593669891
0.08225455582141876
0.0822649508714676
0.0822705715894699
0.08227008581161499
0.08226339519023895
0.0822513833642006
0.082235549390316
0.08221766501665115
0.08219945877790451
0.08218240290880204
0.08216754198074341
0.082155479490757
0.08214636296033859
0.08213998675346375
0.08213587254285812
0.08213340491056442
0.08213192820549012
0.08213085532188416
0.08212969154119491
0.08212810307741165
0.08212590217590332
0.0821230486035347
0.08211959451436997
0.08211568892002105
0.08211150020360947
0.08210720866918564
0.08210298418998718
0.08209895342588425
0.08209519535303116
0.08209176361560822
0.08208865374326706
0.08208584636449814
0.082083298265934
0.08208095431327819
0.08207876086235047
0.08207665979862214
0.08207461833953858
0.08207259625196457
0.08207057565450668
0.08206854313611985
0.0820664957165718
0.08206443935632705
0.08206236958503724
0.08206030875444412
0.08205824494361877
0.08205619752407074
0.08205416351556778
0.08205214589834213
0.08205014765262604
0.08204816728830337
0.08204620033502578
0.08204424679279328
0.08204230517148972
0.08204036802053452
0.08203843981027603
0.08203650265932083
0.08203457444906234
0.08203264325857162
0.08203070759773254
0.08202877342700958
0.08202683925628662
0.08202490657567978
0.08202298134565353
0.08202105313539505
0.08201913833618164
0.08201722800731659
0.08201532959938049
0.08201344311237335
0.08201156556606293
0.08200969249010086
0.08200783878564835
0.08200599104166031
0.08200414776802063
0.08200231492519379
0.0820004865527153
0.0819986641407013
0.08199684023857116
0.08199502229690551
0.08199321180582046
0.08199139088392257
0.08198958039283752
0.08198776841163635
0.08198595643043519
0.08198414146900176
0.08198233842849731
0.08198053240776063
0.08197872340679169
0.08197692483663559
0.08197512626647949
0.08197332918643951
0.08197153359651566
0.0819697454571724
0.08196795582771302
0.08196617364883423
0.08196439146995545
0.0819626122713089
0.08196083456277847
0.08195905685424805
0.08195728212594985
0.08195551782846451
0.0819537565112114
0.08195199072360992
0.08195022940635681
0.08194847404956818
0.08194671720266342
0.08194496482610703
0.08194322139024734
0.08194147795438766
0.08193973302841187
0.08193799406290055
0.08193625658750534
0.08193452209234238
0.08193279057741165
0.08193106353282928
0.08192933499813079
0.08192761093378068
0.08192588835954666
0.0819241687655449
0.08192245066165924
0.08192073553800583
0.08191902190446854
0.08191730976104736
0.0819155991077423
0.0819138988852501
0.08191219121217727
0.08191048800945282
0.0819087952375412
0.08190709799528122
0.0819054052233696
0.0819037139415741
0.0819020226597786
0.08190033882856369
0.0818986490368843
0.0818969652056694
0.08189528882503509
0.08189361244440078
0.08189193606376648
0.08189026564359665
0.0818885937333107
0.08188692331314087
0.08188525885343552
0.08188359886407852
0.08188193291425705
0.08188027292490005
0.0818786159157753
0.08187696188688279
0.08187530636787414
0.08187365382909775
0.08187200427055359
0.08187036067247391
0.0818687155842781
0.08186707347631454
0.08186543434858322
0.08186379224061965
0.08186216205358506
0.08186052739620209
0.08185889571905136
0.08185726702213288
0.08185564130544662
0.08185401260852813
0.08185239285230636
0.08185076713562012
0.08184915333986283
0.08184753060340881
0.08184591233730316
0.0818443015217781
0.08184269070625305
0.08184108138084412
0.08183947503566742
0.08183786869049073
0.08183626532554626
0.08183466643095016
0.08183306604623794
0.08183146715164184
0.0818298727273941
0.08182827979326249
0.08182668834924697
0.08182510286569596
0.08182350993156433
0.08182192295789718
0.0818203404545784
0.08181875795125962
0.08181717544794083
0.08181560039520264
0.08181402385234833
0.08181244879961014
0.08181087374687195
0.08180930465459824
0.0818077340722084
0.08180616796016693
0.08180460035800934
0.08180303424596787
0.08180147260427476
0.08179991245269776
0.08179835379123687
0.08179679960012436
0.0817952424287796
0.08179369270801544
0.08179214149713517
0.08179058730602265
0.08178904354572296
0.08178749531507493
0.081785948574543
0.08178440481424332
0.081782865524292
0.0817813217639923
0.08177978694438934
0.08177825510501861
0.08177671283483505
0.08177518248558044
0.0817736491560936
0.08177212327718734
0.08177059143781662
0.08176906555891036
0.081767538189888
0.081766015291214
0.08176449835300445
0.08176297694444656
0.08176145553588868
0.08175994157791137
VALIDATION LOSS
1.2350663155317307
1.0663144499063493
0.8559890866279602
0.6358047515153885
0.43335228264331815
0.2688712775707245
0.15381207317113876
0.09093304127454757
0.07554773539304734
0.09751616269350052
0.14360000789165497
0.19983682334423064
0.2536276176571846
0.29529307782649994
0.3189445838332176
0.32263570874929426
0.3078826904296875
0.27873885035514834
0.24065956175327302
0.19938603639602662
0.16002765595912932
0.12644543200731279
0.10096361935138702
0.0843746080994606
0.07616380304098129
0.07486754953861237
0.07848020792007446
0.08484206050634384
0.09196019023656846
0.09823530018329621
0.10258636176586151
0.1044797271490097
0.10387990027666091
0.10114516913890839
0.09689314812421798
0.09185986071825028
0.08677190244197845
0.08224568068981171
0.07872145920991898
0.07643410116434098
0.07541712820529937
0.07553332895040513
0.07652278989553452
0.07805860191583633
0.07980144917964935
0.08144591599702836
0.082753786444664
0.08357237130403519
0.08383809179067611
0.08356780111789704
0.08284123241901398
0.08177877068519593
0.08051841109991073
0.07919520437717438
0.07792528718709946
0.07679581493139268
0.07586074471473694
0.07514179050922394
0.07463331818580628
0.07430961579084397
0.07413303107023239
0.07406173050403594
0.07405611723661423
0.07408335953950881
0.07411984354257584
0.07415175437927246
0.0741740807890892
0.07418860048055649
0.07420133054256439
0.074220010638237
0.07425180524587631
0.07430172115564346
0.07437168508768081
0.07446026355028153
0.07456307411193848
0.07467350959777833
0.07478379309177399
0.0748859778046608
0.0749729484319687
0.07503910511732101
0.07508084625005722
0.0750967100262642
0.0750872939825058
0.07505494207143784
0.07500332146883011
0.0749369129538536
0.07486056238412857
0.0747790053486824
0.07469658255577087
0.07461694926023484
0.07454301416873932
0.07447688281536102
0.07441988289356231
0.07437267899513245
0.07433539927005768
0.07430774122476577
0.07428909838199615
0.07427866458892822
0.07427551597356796
0.07427865862846375
0.07428707033395768
0.07429973781108856
0.07431567013263703
0.0743338942527771
0.07435348033905029
0.07437356114387512
0.07439332008361817
0.07441204637289048
0.07442911118268966
0.07444399297237396
0.0744563028216362
0.07446577399969101
0.07447228133678437
0.07447580546140671
0.07447644770145416
0.07447442561388015
0.07447001188993455
0.07446356117725372
0.07445546984672546
0.0744461476802826
0.07443600594997406
0.07442544847726822
0.07441484928131104
0.07440453171730041
0.07439477592706681
0.07438581287860871
0.07437780350446702
0.0743708685040474
0.07436506748199463
0.0743604138493538
0.07435685843229294
0.0743543416261673
0.07435276359319687
0.07435199916362763
0.07435190528631211
0.07435233891010284
0.07435315400362015
0.07435420155525208
0.07435535490512848
0.07435648590326309
0.07435749918222427
0.07435828745365143
0.07435880005359649
0.07435898035764694
0.07435880154371262
0.07435824871063232
0.07435731887817383
0.07435603737831116
0.07435442209243774
0.07435251474380493
0.07435035705566406
0.07434799522161484
0.07434547394514084
0.07434285283088685
0.07434016615152358
0.07433745861053467
0.0743347778916359
0.07433214336633683
0.07432959377765655
0.07432713955640793
0.0743248075246811
0.07432259917259217
0.07432051748037338
0.0743185594677925
0.07431671619415284
0.07431498467922211
0.0743133544921875
0.07431179732084274
0.07431030869483948
0.07430886626243591
0.07430746555328369
0.0743060752749443
0.07430469691753387
0.0743033081293106
0.07430190294981003
0.07430047392845154
0.0742990180850029
0.07429752796888352
0.0742959976196289
0.07429443746805191
0.07429284304380417
0.07429121285676957
0.07428955435752868
0.07428788244724274
0.0742861807346344
0.07428447306156158
0.07428274899721146
0.07428102493286133
0.07427929490804672
0.07427757382392883
0.07427585422992707
0.07427414357662201
0.07427244335412979
0.07427075952291488
0.07426908314228058
0.07426742166280746
0.07426577359437943
0.07426413595676422
0.07426251024007798
0.07426089644432068
0.07425928413867951
0.07425768375396728
0.07425609081983567
0.07425450533628464
0.07425292134284973
0.07425134032964706
0.07424976080656051
0.0742481842637062
0.07424660176038742
0.07424502521753311
0.07424344718456269
0.07424186766147614
0.07424029260873795
0.07423871010541916
0.07423713356256485
0.07423555552959442
0.07423398047685623
0.07423240095376968
0.07423082441091537
0.07422925233840942
0.074227674305439
0.0742261067032814
0.07422454506158829
0.07422297894954681
0.07422141581773758
0.07421985417604446
0.07421829849481583
0.07421674281358719
0.07421518713235856
0.07421364039182662
0.0742120936512947
0.07421054542064667
0.07420900613069534
0.07420746833086014
0.07420592308044434
0.07420438975095749
0.07420285046100616
0.0742013156414032
0.07419978678226472
0.0741982564330101
0.07419672459363938
0.0741952046751976
0.07419368028640747
0.07419215589761734
0.07419063299894332
0.07418912053108215
0.0741876021027565
0.07418608516454697
0.07418457418680191
0.07418306469917298
0.0741815596818924
0.07418004870414734
0.074178546667099
0.07417704910039902
0.07417554706335068
0.0741740494966507
0.07417255192995072
0.0741710603237152
0.0741695687174797
0.07416807711124421
0.07416658699512482
0.07416510432958603
0.07416361570358276
0.07416213154792786
0.07416065484285354
0.07415917217731476
0.07415769547224045
0.07415622025728226
0.07415474355220794
0.0741532638669014
0.07415179461240769
0.07415032237768174
0.07414885610342026
0.07414738833904266
0.07414592504501342
0.07414446771144867
0.07414299845695496
0.07414154112339019
0.07414008378982544
0.07413862496614457
0.07413717359304428
0.07413571923971177
0.07413426488637924
0.0741328164935112
0.07413137257099152
0.07412992268800736
0.07412847578525543
0.07412703335285187
0.07412559688091278
0.0741241529583931
0.07412271797657013
0.07412128001451493
0.07411984503269195
0.07411841303110123
0.07411697953939438
0.07411554902791977
0.07411411702632904
0.07411268949508668
0.07411126345396042
0.07410984039306641
