300
TRAINING LOSS
1.0548492878675462
0.9903521627187729
0.8761044561862945
0.7310341358184814
0.5748405665159225
0.42519954591989517
0.2958499133586884
0.19561482220888138
0.12825896143913268
0.09300079643726349
0.08547198176383972
0.09892207682132721
0.12548695206642152
0.1573650911450386
0.1877783492207527
0.21163285225629808
0.22584284394979476
0.22932980954647064
0.22275226861238479
0.20805320590734483
0.18792468905448914
0.16528275609016418
0.14282584190368652
0.12272102236747742
0.10643293261528015
0.09468560814857482
0.08753035217523575
0.08448499292135239
0.08470856994390488
0.08718069195747376
0.09086175113916398
0.09481897056102753
0.09831119328737259
0.100832000374794
0.10211584120988845
0.10211489349603653
0.10095601081848145
0.0988872155547142
0.09622199833393097
0.09328833371400833
0.09038705080747604
0.08776219785213471
0.08558412790298461
0.08394456803798675
0.08286158889532089
0.08229195326566696
0.08214795589447021
0.08231588006019593
0.08267375230789184
0.0831064909696579
0.0835172787308693
0.08383459001779556
0.08401496261358261
0.0840420663356781
0.08392282724380493
0.08368169814348221
0.08335414528846741
0.08298009783029556
0.08259832113981247
0.08224198967218399
0.08193585872650147
0.08169498145580292
0.08152480274438859
0.0814223513007164
0.08137821853160858
0.08137884736061096
0.08140886574983597
0.08145321607589721
0.08149874210357666
0.08153532296419144
0.08155639320611954
0.08155893683433532
0.08154310584068299
0.081511490046978
0.08146829903125763
0.0814185082912445
0.08136704713106155
0.08131823539733887
0.08127535432577133
0.08124044686555862
0.08121433407068253
0.08119672983884811
0.08118652850389481
0.08118209093809128
0.08118153959512711
0.0811830297112465
0.0811849743127823
0.08118614703416824
0.08118575662374497
0.08118344992399215
0.08117921650409698
0.08117335736751556
0.08116632103919982
0.0811586320400238
0.08115081191062927
0.08114330917596817
0.08113644421100616
0.08113041967153549
0.081125308573246
0.08112107068300248
0.08111759126186371
0.08111472129821777
0.08111228048801422
0.08111009597778321
0.0811080202460289
0.08110594153404235
0.08110379278659821
0.0811015248298645
0.08109913170337676
0.08109663277864457
0.08109403848648071
0.08109139949083329
0.08108873963356018
0.08108609914779663
0.08108349591493606
0.08108094781637191
0.08107846826314927
0.08107605427503586
0.08107370883226395
0.0810714229941368
0.08106918632984161
0.08106698840856552
0.08106482177972793
0.08106267154216766
0.08106053322553634
0.08105839937925338
0.0810562714934349
0.08105413764715194
0.08105200082063675
0.08104985803365708
0.08104770630598068
0.08104555308818817
0.0810434028506279
0.08104124963283539
0.08103910237550735
0.08103695362806321
0.0810348078608513
0.08103266656398773
0.08103052973747253
0.08102839440107346
0.08102625757455825
0.0810241311788559
0.08102200031280518
0.08101986348628998
0.08101772964000702
0.0810155987739563
0.08101345896720887
0.08101132214069366
0.08100917935371399
0.08100703805685043
0.08100489675998687
0.0810027465224266
0.08100059926509857
0.08099844753742218
0.0809962958097458
0.08099413812160491
0.08099198043346405
0.08098981827497483
0.08098765909671783
0.08098549395799637
0.08098333030939102
0.08098115921020507
0.08097898960113525
0.08097681999206544
0.08097464591264725
0.08097246587276459
0.08097029328346253
0.08096811175346375
0.08096592873334885
0.08096374422311783
0.08096155375242234
0.08095936626195907
0.08095717132091522
0.08095497637987137
0.08095277845859528
0.08095057606697083
0.0809483751654625
0.08094616681337356
0.08094395697116852
0.08094174414873123
0.0809395283460617
0.08093731105327606
0.08093508929014206
0.08093286901712418
0.08093064725399017
0.08092841953039169
0.08092618584632874
0.08092395216226578
0.0809217169880867
0.08091948032379151
0.08091723620891571
0.08091498911380768
0.08091274499893189
0.08091049343347549
0.08090824037790298
0.08090598732233048
0.08090372979640961
0.0809014618396759
0.08089920282363891
0.08089693933725357
0.08089466691017151
0.08089239299297332
0.08089011758565903
0.08088784217834473
0.08088556081056594
0.08088327795267106
0.0808809831738472
0.08087869733572006
0.08087640702724457
0.08087410926818847
0.08087181150913239
0.08086951076984406
0.0808672085404396
0.08086489737033845
0.0808625876903534
0.08086027354001998
0.08085795640945434
0.0808556392788887
0.08085331320762634
0.08085099160671234
0.08084866106510162
0.08084633052349091
0.08084399551153183
0.08084165751934051
0.08083931803703308
0.0808369681239128
0.08083461970090866
0.08083227276802063
0.08082992136478424
0.08082756847143173
0.08082520514726639
0.08082284182310104
0.08082047551870346
0.08081810623407364
0.08081573694944381
0.08081335872411728
0.08081098347902298
0.0808086022734642
0.08080621361732483
0.08080383092164993
0.08080143332481385
0.08079904019832611
0.08079664409160614
0.08079424053430558
0.08079183548688888
0.08078942894935608
0.08078701943159103
0.08078460693359375
0.08078218996524811
0.080779767036438
0.08077734261751175
0.08077491223812103
0.08077248632907867
0.0807700514793396
0.08076761513948441
0.08076517134904862
0.08076272457838059
0.08076027780771255
0.08075782805681228
0.08075537383556367
0.08075291812419891
0.08075045496225357
0.08074799031019211
0.0807455226778984
0.08074305057525635
0.08074056953191758
0.08073809742927551
0.08073561489582062
0.08073312640190125
0.08073063790798188
0.08072814643383026
0.0807256504893303
0.0807231456041336
0.08072064518928528
0.08071813881397247
0.08071562647819519
0.08071311116218567
0.08071059733629227
0.08070807456970215
0.08070555031299591
0.08070302158594131
0.08070048987865448
0.08069795072078705
0.08069541305303574
0.08069287091493607
0.08069032430648804
0.08068777471780778
0.08068521618843079
0.0806826576590538
0.0806800976395607
0.08067753165960312
0.08067496716976166
0.080672387778759
0.08066981732845306
0.08066723346710206
0.08066464811563492
0.08066205978393555
0.08065946549177169
0.08065687268972396
0.08065427392721176
VALIDATION LOSS
0.9467005908489228
0.8348946213722229
0.6931920230388642
0.541075336933136
0.3960020452737808
0.2714991599321365
0.1761915683746338
0.11366394907236099
0.08297679722309112
0.07962831854820251
0.09676111340522767
0.1264316275715828
0.1607869252562523
0.19302489161491393
0.21805375218391418
0.23281362354755403
0.2362724795937538
0.22915202677249907
0.21347107291221618
0.19200560450553894
0.1677594155073166
0.14351860880851747
0.1215343251824379
0.10334886610507965
0.08975529968738556
0.08086391091346741
0.07624046057462693
0.07508059740066528
0.07638933658599853
0.07914178669452668
0.0824100285768509
0.08544895797967911
0.08774062842130662
0.08900166898965836
0.08916151076555252
0.08832073509693146
0.0866987556219101
0.08457946926355361
0.0822613075375557
0.0800166055560112
0.07806280553340912
0.07654623836278915
0.0755376622080803
0.07503761649131775
0.07498897016048431
0.07529380023479462
0.07583180218935012
0.0764778196811676
0.07711673974990844
0.07765445560216903
0.07802454084157943
0.07819053530693054
0.07814452052116394
0.07790283560752868
0.0774998813867569
0.07698117643594742
0.07639648914337158
0.07579385936260223
0.07521495819091797
0.07469205111265183
0.07424654662609101
0.07388909310102462
0.07362067401409149
0.07343465983867645
0.07331911027431488
0.0732592523097992
0.07323967069387435
0.07324606478214264
0.0732665240764618
0.07329216599464417
0.0733172908425331
0.07333911806344987
0.07335722893476486
0.07337279468774796
0.07338785380125046
0.07340460270643234
0.07342483848333359
0.07344961911439896
0.07347910851240158
0.07351254224777222
0.07354843765497207
0.07358480840921403
0.07361945509910583
0.07365023195743561
0.07367529720067978
0.07369330525398254
0.07370345294475555
0.07370553463697434
0.07369990944862366
0.07368734627962112
0.07366899102926254
0.0736461415886879
0.07362018674612045
0.07359246611595154
0.07356418520212174
0.07353637367486954
0.07350986003875733
0.07348525673151016
0.07346296310424805
0.07344323992729188
0.07342618852853774
0.07341180294752121
0.07340002208948135
0.07339070290327072
0.07338369786739349
0.07337881922721863
0.07337588220834732
0.07337466031312942
0.07337495535612107
0.07337653785943984
0.07337918430566788
0.07338266968727111
0.0733867570757866
0.07339121848344803
0.0733958438038826
0.07340042740106582
0.07340477257966996
0.07340872585773468
0.07341214120388032
0.07341490983963013
0.0734169527888298
0.07341820597648621
0.07341866195201874
0.07341831028461457
0.07341717928647995
0.07341532558202743
0.0734128087759018
0.07340971231460572
0.0734061285853386
0.07340215742588044
0.0733978882431984
0.07339343428611755
0.07338888794183732
0.07338433265686035
0.07337985038757325
0.07337551712989807
0.07337138503789901
0.07336750328540802
0.07336389571428299
0.07336058914661407
0.07335759699344635
0.07335491478443146
0.0733525201678276
0.07335040718317032
0.07334854304790497
0.07334689348936081
0.07334542870521546
0.0733441099524498
0.07334289252758026
0.07334174066781998
0.07334063202142715
0.07333951443433762
0.07333837151527405
0.07333716601133347
0.07333588749170303
0.0733345165848732
0.0733330488204956
0.07333146780729294
0.0733297735452652
0.0733279749751091
0.07332607060670852
0.07332407385110855
0.07332198470830917
0.07331982403993606
0.07331760674715042
0.07331534177064895
0.07331303805112839
0.07331072241067886
0.07330838888883591
0.07330605983734131
0.07330373972654343
0.07330143749713898
0.07329916208982468
0.07329690754413605
0.07329468280076981
0.07329248636960983
0.07329032719135284
0.07328819781541825
0.07328608483076096
0.07328400462865829
0.07328194230794907
0.07327989786863327
0.07327786833047867
0.07327584028244019
0.07327382117509842
0.07327180504798889
0.07326979041099549
0.073267762362957
0.07326573729515076
0.07326370030641556
0.07326166480779647
0.07325960248708725
0.07325753718614578
0.0732554629445076
0.07325338274240493
0.07325128316879273
0.07324918657541275
0.07324707061052323
0.07324495613574981
0.07324282824993134
0.07324070483446121
0.07323856353759765
0.07323642522096634
0.07323427945375442
0.0732321321964264
0.07322998195886612
0.07322783172130584
0.0732256680727005
0.07322351038455963
0.07322134673595429
0.07321917861700059
0.07321701943874359
0.07321484833955764
0.07321267426013947
0.07321049720048904
0.07320832163095474
0.0732061430811882
0.07320396304130554
0.07320177853107453
0.0731995940208435
0.07319740504026413
0.07319521754980088
0.07319302707910538
0.07319083958864211
0.07318864166736602
0.07318644672632217
0.07318424582481384
0.07318205088376999
0.07317984998226165
0.07317764461040496
0.07317543923854827
0.07317323237657547
0.07317101955413818
0.0731688067317009
0.07316658943891526
0.07316436767578124
0.07316214591264725
0.07315992116928101
0.07315768599510193
0.07315545231103897
0.0731532096862793
0.07315097153186798
0.07314872294664383
0.07314647287130356
0.07314421832561493
0.07314195781946183
0.07313970029354096
0.07313743382692336
0.07313516438007354
0.07313289344310761
0.07313061803579331
0.07312834113836289
0.07312605828046799
0.07312377989292144
0.07312148809432983
0.07311920374631882
0.07311690747737884
0.07311461418867111
0.07311231791973113
0.07311001121997833
0.07310771346092224
0.07310540527105332
0.07310309708118438
0.07310078144073487
0.07309846729040145
0.0730961486697197
0.07309383004903794
0.07309150248765946
0.07308917641639709
0.07308684587478638
0.07308451235294341
0.07308216542005538
0.07307983189821243
0.0730774849653244
0.07307513505220413
0.07307278513908386
0.07307042330503463
0.07306806743144989
0.07306570261716842
0.07306333780288696
0.07306096851825714
0.07305859327316284
0.0730562150478363
0.07305383533239365
0.07305145114660264
0.07304906398057938
0.07304667383432388
0.0730442762374878
0.07304188013076782
0.07303948402404785
0.07303707599639893
0.07303466945886612
0.07303225696086883
0.07302984148263932
0.07302742451429367
0.07302500158548356
0.07302257567644119
0.07302014529705048
0.07301771342754364
0.0730152741074562
