300
TRAINING LOSS
0.8073065280914307
0.729837441444397
0.5983348608016967
0.443606561422348
0.2960841566324234
0.1796153485774994
0.1077432855963707
0.0827507346868515
0.09716974794864655
0.1370394080877304
0.18596568703651428
0.22900780141353608
0.25558326840400697
0.2609110981225967
0.2459174543619156
0.21590133011341095
0.17849897742271423
0.14154962748289107
0.11136197894811631
0.091678948700428
0.08341175466775894
0.08502786606550217
0.09336480796337128
0.1046068474650383
0.11518965810537338
0.12246605157852172
0.12505025267601014
0.12283913940191268
0.11677228212356568
0.10843107998371124
0.09958861917257308
0.09180948138237
0.0861697867512703
0.08313039690256119
0.08255959749221801
0.08387220799922943
0.08623482137918473
0.0887824147939682
0.09079994261264801
0.09183779656887055
0.09175020903348922
0.09066352546215058
0.08889478147029876
0.08684736639261245
0.08490995317697525
0.08337900042533875
0.08241599053144455
0.08204106539487839
0.08215689510107041
0.08259168267250061
0.08314856588840484
0.0836500957608223
0.08396977931261063
0.08404691219329834
0.0838851973414421
0.08353859186172485
0.08309003114700317
0.08262855410575867
0.0822298675775528
0.08194359689950943
0.08178835064172744
0.08175409436225892
0.08180982321500778
0.08191394358873368
0.08202469646930695
0.08210849165916442
0.08214492499828338
0.08212810009717941
0.08206476867198945
0.08197029680013657
0.0818637490272522
0.08176320046186447
0.08168230950832367
0.08162838369607925
0.08160220980644226
0.08159921020269394
0.08161143809556962
0.08162979632616044
0.08164612501859665
0.08165457546710968
0.08165226578712463
0.08163924217224121
0.08161782622337341
0.08159166872501374
0.08156472593545913
0.0815404087305069
0.08152100741863251
0.08150744736194611
0.0814994066953659
0.08149560987949371
0.08149429261684418
0.08149362653493882
0.08149209469556809
0.0814887374639511
0.08148317337036133
0.08147559762001037
0.08146658688783645
0.08145691007375717
0.08144734054803848
0.08143849372863769
0.0814307376742363
0.08142417222261429
0.08141866773366928
0.08141393214464188
0.08140959292650223
0.08140530735254288
0.0814007893204689
0.08139587938785553
0.08139052987098694
0.08138479888439179
0.08137881159782409
0.0813727244734764
0.0813666895031929
0.08136081397533416
0.08135516494512558
0.08134976327419281
0.08134457170963287
0.08133952468633651
0.08133456110954285
0.08132960200309754
0.081324602663517
0.08131952434778214
0.08131435960531234
0.0813091203570366
0.08130383342504502
0.08129852861166001
0.08129323720932007
0.08128797709941864
0.08128276616334915
0.0812776044011116
0.08127248436212539
0.08126739412546158
0.08126231878995896
0.08125723898410797
0.08125215172767639
0.0812470480799675
0.08124191761016845
0.08123676925897598
0.08123161047697067
0.08122644871473313
0.08122128397226333
0.0812161311507225
0.08121098428964615
0.08120584934949875
0.08120072484016419
0.08119560331106186
0.08119049072265624
0.08118537068367004
0.08118025064468384
0.08117512315511703
0.08116999119520188
0.0811648577451706
0.08115971833467484
0.0811545729637146
0.08114942908287048
0.08114428371191025
0.08113914579153061
0.08113399893045425
0.08112886101007462
0.0811237171292305
0.08111857473850251
0.08111342936754226
0.08110828399658203
0.08110312968492508
0.08109797537326813
0.08109281957149506
0.08108765482902527
0.08108249455690383
0.08107733130455017
0.08107216507196427
0.08106699585914612
0.08106183409690856
0.08105665743350983
0.08105148822069168
0.08104631304740906
0.08104113787412644
0.08103595972061158
0.08103078007698059
0.08102558851242066
0.08102040886878967
0.08101522028446198
0.08101002424955368
0.08100483268499374
0.08099963515996933
0.08099444061517716
0.08098924010992051
0.08098402917385102
0.08097882568836212
0.08097361922264099
0.08096840679645538
0.08096318989992142
0.08095797002315522
0.08095275461673737
0.08094752728939056
0.08094229996204376
0.08093707114458085
0.0809318408370018
0.08092660009860993
0.08092136532068253
0.08091612607240677
0.08091087490320206
0.08090562969446183
0.08090038150548935
0.0808951273560524
0.08088986873626709
0.08088460862636566
0.08087934851646424
0.08087407797574997
0.08086880892515183
0.08086353391408921
0.08085825592279434
0.08085297793149948
0.08084769397974015
0.08084240555763245
0.08083711564540863
0.08083182126283646
0.08082652986049652
0.08082122206687928
0.0808159202337265
0.08081060796976089
0.08080529272556305
0.08079998046159745
0.080794657766819
0.08078933358192444
0.08078400790691376
0.0807786762714386
0.08077334016561508
0.08076800405979156
0.08076266050338746
0.08075731098651887
0.08075195997953415
0.0807466059923172
0.08074124306440353
0.08073588013648987
0.08073051422834396
0.08072514683008195
0.08071976602077484
0.08071438521146775
0.08070900142192841
0.08070361465215684
0.08069821894168853
0.08069281876087189
0.080687415599823
0.08068201541900635
0.0806766003370285
0.08067118525505065
0.08066576570272446
0.0806603416800499
0.08065491318702697
0.0806494802236557
0.0806440383195877
0.08063859790563584
0.08063315004110336
0.08062769621610641
0.08062223941087723
0.08061677664518356
0.08061131536960602
0.0806058406829834
0.08060036301612854
0.0805948793888092
0.080589397251606
0.08058390766382217
0.08057840764522553
0.08057290762662887
0.08056740313768387
0.08056188821792602
0.08055637180805206
0.08055084496736527
0.08054531812667846
0.08053978830575943
0.08053425103425979
0.08052870780229568
0.0805231586098671
0.08051760494709015
0.08051204532384873
0.0805064782500267
0.08050090968608856
0.08049533367156983
0.08048975765705109
0.08048416525125504
0.08047857284545898
0.08047297745943069
0.0804673746228218
0.08046176135540009
0.08045615106821061
0.08045052587985993
0.08044490367174148
0.08043926358222961
0.08043362498283387
0.08042798042297364
0.08042233288288117
0.08041667044162751
0.08041101545095444
0.08040534406900406
0.08039966821670533
0.08039398938417434
0.08038830310106278
0.0803826093673706
0.08037690967321395
0.08037120550870895
VALIDATION LOSS
0.6839335560798645
0.5565421104431152
0.4073936969041824
0.26646663844585416
0.1571445271372795
0.09252116978168487
0.07446699440479279
0.0951572060585022
0.14034405946731568
0.19342694580554962
0.2393438458442688
0.2674765080213547
0.2730881065130234
0.25721907019615176
0.22533853352069855
0.18529263734817505
0.1451530173420906
0.11146666407585144
0.08820599019527435
0.0764905646443367
0.07496578246355057
0.08061033636331558
0.08970949947834014
0.0987588882446289
0.1051316350698471
0.10742597579956055
0.10549125522375107
0.10019383430480958
0.09302283376455307
0.0856468290090561
0.07952044904232025
0.07561089098453522
0.0742767870426178
0.075295789539814
0.07800745666027069
0.08152106404304504
0.08493368327617645
0.08751188963651657
0.08880636245012283
0.08868839293718338
0.08731549978256226
0.08504686355590821
0.0823354423046112
0.07962341159582138
0.07726124674081802
0.07546190768480301
0.07429192066192628
0.07369318753480911
0.07352462261915207
0.07361078411340713
0.07378617376089096
0.07392707914113998
0.07396729141473771
0.07389782816171646
0.07375430315732956
0.07359710782766342
0.07349032163619995
0.0734837993979454
0.07360195070505142
0.07384010106325149
0.07416793555021287
0.0745379775762558
0.0748964637517929
0.0751939982175827
0.07539384514093399
0.075476635992527
0.07544124126434326
0.07530220597982407
0.07508502006530762
0.07482037097215652
0.07453869879245759
0.07426596730947495
0.07402110248804092
0.0738152340054512
0.07365242093801498
0.07353135645389557
0.07344744950532914
0.07339487969875336
0.07336804866790772
0.07336249649524688
0.07337510138750077
0.07340376377105713
0.07344685643911361
0.07350257784128189
0.07356844544410705
0.07364106476306916
0.07371620088815689
0.07378906011581421
0.07385482341051101
0.07390915304422378
0.07394869029521942
0.07397140115499497
0.07397670596837998
0.07396542727947235
0.07393962293863296
0.07390221208333969
0.07385661751031876
0.07380638122558594
0.07375485599040985
0.07370497137308121
0.07365909218788147
0.07361893355846405
0.07358560860157012
0.07355968356132507
0.07354126125574112
0.07353004217147827
0.07352546453475953
0.07352673262357712
0.07353288680315018
0.0735428735613823
0.07355556041002273
0.07356980592012405
0.07358447611331939
0.07359852343797683
0.07361100465059281
0.07362113445997238
0.07362832874059677
0.07363220006227493
0.0736325889825821
0.07362954914569855
0.07362333834171295
0.07361436188220978
0.07360315173864365
0.07359031438827515
0.07357647716999054
0.07356226444244385
0.07354824393987655
0.07353491634130478
0.0735226646065712
0.07351178377866745
0.07350244522094726
0.07349472045898438
0.07348859012126922
0.07348394244909287
0.07348061203956605
0.07347837686538697
0.0734769880771637
0.0734761655330658
0.07347565442323685
0.073475182056427
0.07347454130649567
0.07347351163625718
0.07347195446491242
0.0734697476029396
0.07346682995557785
0.0734631821513176
0.0734588235616684
0.07345380932092667
0.07344822585582733
0.07344218492507934
0.0734358087182045
0.07342921942472458
0.07342254519462585
0.07341590225696563
0.07340938746929168
0.07340309023857117
0.07339706420898437
0.07339135110378266
0.07338596433401108
0.07338091433048248
0.07337616980075837
0.07337169349193573
0.0733674481511116
0.07336338460445405
0.07335943728685379
0.07335556000471115
0.07335169315338134
0.07334779500961304
0.07334381490945815
0.07333972901105881
0.07333551049232483
0.07333114594221116
0.07332662791013718
0.07332196831703186
0.07331717163324356
0.07331225425004959
0.07330724895000458
0.07330215722322464
0.07329702228307725
0.07329186648130417
0.0732867032289505
0.07328156530857086
0.0732764646410942
0.07327141612768173
0.07326641827821731
0.07326148748397827
0.07325662225484848
0.07325181365013123
0.07324706017971039
0.07324234992265702
0.0732376754283905
0.07323302775621414
0.07322839051485061
0.0732237607240677
0.07321912199258804
0.07321447283029556
0.07320979237556458
0.07320509254932403
0.07320035994052887
0.07319560348987579
0.07319080531597137
0.07318597882986069
0.07318112552165985
0.07317625433206558
0.07317136228084564
0.07316645532846451
0.07316153794527054
0.07315661758184433
0.07315169423818588
0.0731467753648758
0.07314186245203018
0.07313695847988129
0.07313205599784851
0.07312716990709305
0.07312228977680206
0.0731174185872078
0.07311255484819412
0.07310769557952881
0.07310283631086349
0.07309798002243043
0.0730931282043457
0.07308826744556426
0.07308340072631836
0.07307852655649186
0.07307364791631699
0.07306875884532929
0.07306386381387711
0.07305896133184434
0.0730540469288826
0.0730491265654564
0.07304419428110123
0.07303925156593323
0.07303430885076523
0.07302935570478439
0.07302439957857132
0.07301943600177765
0.0730144739151001
0.07300950437784196
0.07300453931093216
0.07299956381320953
0.07299459576606751
0.0729896143078804
0.07298464328050613
0.07297966331243515
0.07297468036413193
0.07296969294548035
0.07296470850706101
0.07295971810817718
0.072954723238945
0.07294972687959671
0.07294472306966782
0.07293971329927444
0.07293470352888107
0.07292968034744263
0.07292465269565582
0.07291962653398514
0.07291458994150161
0.07290954887866974
0.07290450632572174
0.07289944589138031
0.07289439141750335
0.0728893294930458
0.07288425862789154
0.07287919074296952
0.07287410795688629
0.07286902964115143
0.07286394089460373
0.07285884618759156
0.07285375148057938
0.07284865230321884
0.07284354865550995
0.07283843457698821
0.07283332198858261
0.07282820343971252
0.07282308042049408
0.07281794548034667
0.07281281501054764
0.07280767560005189
0.07280253022909164
0.07279737740755081
0.07279222160577774
0.0727870598435402
0.07278189361095429
0.07277672290802002
0.0727715477347374
0.07276636064052582
0.07276117205619811
0.0727559745311737
0.07275077253580094
0.07274556756019593
0.0727403536438942
0.07273513972759246
0.07272990942001342
0.07272468209266662
0.07271944284439087
0.0727142035961151
0.07270895838737487
0.07270370274782181
0.07269844859838485
0.07269318550825118
