300
TRAINING LOSS
1.6751489818096161
1.5609666854143143
1.3601571023464203
1.1082309871912002
0.8417008250951767
0.5925035417079926
0.3843784719705582
0.23124981224536895
0.13732172101736068
0.09844449907541275
0.10429048091173172
0.14091396182775498
0.19331741631031035
0.2476999953389168
0.29313658028841016
0.322537924349308
0.3328655183315277
0.32469930350780485
0.3013492703437805
0.26774670630693437
0.22934133112430571
0.19117798060178756
0.15725379735231398
0.1301845982670784
0.1111512079834938
0.10006180852651596
0.09585172981023789
0.09684480726718903
0.10111211240291595
0.10678136348724365
0.11226833313703537
0.11641839146614075
0.11856033951044083
0.11848508417606354
0.11636829227209092
0.11265922784805298
0.1079572394490242
0.10289480239152908
0.09804100543260574
0.09383412301540375
0.0905462384223938
0.08827834874391556
0.08698032796382904
0.08648820668458938
0.08656998127698898
0.0869719699025154
0.08745894730091094
0.08784350603818894
0.08800265043973923
0.08788158297538758
0.08748690783977509
0.08687218278646469
0.08611963540315629
0.08532137870788574
0.08456316888332367
0.08391231745481491
0.08341091722249985
0.08307412564754486
0.08289279639720917
0.08283916264772415
0.08287415951490402
0.08295500129461289
0.08304191082715988
0.08310307711362838
0.08311768025159835
0.08307673335075379
0.082982137799263
0.08284437805414199
0.08267942070960999
0.08250542879104614
0.08233972489833832
0.082196444272995
0.08208502382040024
0.08200960904359818
0.08196931630373001
0.08195914179086686
0.08197126835584641
0.08199657946825027
0.08202603459358215
0.08205188065767288
0.08206839561462402
0.08207232803106308
0.08206284046173096
0.0820412203669548
0.08201030939817429
0.08197384774684906
0.08193580508232116
0.08189980536699296
0.08186871707439422
0.08184437453746796
0.08182753622531891
0.08181794285774231
0.08181453645229339
0.08181573897600174
0.08181971907615662
0.0818246841430664
0.08182909339666367
0.08183179646730424
0.08183211833238602
0.08182982206344605
0.08182510286569596
0.08181844055652618
0.08181049525737763
0.08180199563503265
0.08179362416267395
0.0817859187722206
0.08177928030490875
0.0817738875746727
0.08176975250244141
0.08176675140857696
0.08176463693380356
0.08176312297582626
0.08176189810037612
0.08176070302724839
0.08175932615995407
0.08175762295722962
0.08175552636384964
0.08175303936004638
0.08175022006034852
0.08174715787172318
0.0817439615726471
0.08174072951078415
0.08173754662275315
0.08173449635505677
0.08173161000013351
0.08172890096902848
0.0817263588309288
0.08172395974397659
0.08172166794538498
0.0817194402217865
0.0817172348499298
0.08171501755714417
0.08171277791261673
0.08171048760414124
0.08170816153287888
0.0817057803273201
0.08170337527990341
0.08170094043016433
0.08169849514961243
0.08169605433940888
0.0816936269402504
0.08169121444225311
0.08168881982564927
0.08168645203113556
0.08168409466743469
0.08168175667524338
0.08167942464351655
0.08167710304260253
0.08167477697134018
0.08167245090007783
0.0816701203584671
0.08166778683662415
0.08166545182466507
0.08166311234235764
0.08166076987981796
0.08165842741727829
0.08165607899427414
0.08165374100208282
0.08165140599012374
0.08164906203746795
0.08164672702550888
0.08164439648389817
0.08164205849170685
0.08163972645998001
0.0816373959183693
0.08163505792617798
0.08163272589445114
0.08163039535284042
0.08162805736064911
0.08162572085857392
0.0816233903169632
0.08162105232477188
0.08161872178316117
0.08161638379096985
0.0816140502691269
0.08161171525716782
0.08160938024520874
0.08160704672336579
0.08160471469163895
0.08160237669944763
0.08160004019737244
0.08159770518541336
0.08159537315368652
0.08159303516149521
0.08159069418907165
0.08158835768699646
0.08158601969480514
0.08158368170261383
0.0815813422203064
0.08157900422811508
0.08157666623592377
0.08157433271408081
0.0815719872713089
0.08156964778900147
0.08156731128692626
0.08156497180461883
0.08156262934207917
0.08156028538942336
0.08155794143676758
0.0815555989742279
0.08155325800180435
0.08155091553926468
0.08154857158660889
0.08154622316360474
0.08154387921094894
0.08154153376817704
0.08153918832540512
0.08153683990240097
0.08153449892997741
0.08153214752674103
0.08152979612350464
0.08152745068073272
0.08152510374784469
0.0815227523446083
0.08152040094137192
0.08151805102825165
0.08151569664478302
0.08151334226131439
0.08151099383831024
0.08150863945484162
0.0815062865614891
0.0815039336681366
0.08150157034397125
0.08149921596050262
0.08149685710668564
0.08149449974298477
0.0814921423792839
0.08148978352546692
0.08148742318153382
0.08148506283760071
0.08148269802331924
0.08148033916950226
0.08147797435522079
0.08147560805082321
0.08147324323654175
0.08147087693214417
0.08146851360797883
0.081466144323349
0.08146377950906754
0.08146140873432159
0.0814590409398079
0.08145667016506195
0.08145430088043212
0.0814519241452217
0.08144955486059188
0.08144717812538146
0.08144480586051941
0.08144242763519287
0.08144004791975021
0.08143767267465592
0.08143529146909714
0.08143291175365448
0.08143052756786347
0.08142814636230469
0.0814257651567459
0.08142338395118713
0.08142099827528
0.08141861259937286
0.08141622394323349
0.08141383677721023
0.08141144961118699
0.08140905648469925
0.08140666633844376
0.08140427321195602
0.0814018800854683
0.08139948695898055
0.08139709234237671
0.08139469623565673
0.08139230012893676
0.08138990104198456
0.08138750046491623
0.08138509690761567
0.08138269484043122
0.08138029277324677
0.0813778892159462
0.08137548416852951
0.08137307316064835
0.08137066662311554
0.08136826008558273
0.08136584907770157
0.08136343359947204
0.08136102259159088
0.08135860413312912
0.08135619312524796
0.08135377615690231
0.08135135769844055
0.0813489392399788
0.08134651631116867
0.08134409487247467
0.08134167194366455
0.08133924752473831
0.08133681863546371
0.08133439123630523
0.08133196234703063
0.08132953345775604
0.08132710158824921
0.08132467120885849
0.08132223635911942
0.08131979703903199
0.08131736069917679
VALIDATION LOSS
1.5021277040243148
1.3048721343278884
1.057842528820038
0.7972314700484275
0.5546539649367332
0.35353763252496717
0.20751523077487946
0.1205267071723938
0.0881906196475029
0.09998414367437362
0.14180609285831453
0.19854522347450257
0.25632970631122587
0.3042054533958435
0.3350940778851509
0.3460038051009178
0.33759171664714815
0.31326885521411896
0.2780845046043396
0.23761625736951827
0.1970399022102356
0.16048092395067215
0.13067598938941954
0.10891558080911637
0.09520373344421387
0.08855617046356201
0.08736085593700409
0.08973663598299027
0.0938431203365326
0.09811297059059143
0.10139471590518952
0.10300807058811187
0.10272434055805206
0.10069090127944946
0.09732189923524856
0.09317669570446015
0.08884468674659729
0.08485062569379806
0.08158873468637466
0.07928888201713562
0.07801286727190018
0.0776754692196846
0.0780824899673462
0.07897715717554092
0.08008676916360855
0.08116290271282196
0.0820106565952301
0.08250485062599182
0.08259337544441223
0.08228973150253296
0.08165782243013382
0.0807929739356041
0.07980233430862427
0.07878781110048294
0.07783334404230118
0.07699743509292603
0.07631085515022278
0.07577881962060928
0.07538628727197647
0.07510504126548767
0.0749010756611824
0.07474121302366257
0.07459815293550491
0.07445348799228668
0.07429878115653991
0.0741347387433052
0.07396918535232544
0.07381422519683838
0.07368321418762207
0.07358801066875457
0.07353690564632416
0.07353335320949554
0.07357564121484757
0.07365732491016388
0.07376832365989686
0.07389636784791946
0.07402856796979904
0.07415293753147126
0.07425951510667801
0.07434121072292328
0.07439411133527755
0.07441743463277817
0.07441313564777374
0.07438523322343826
0.07433903813362122
0.07428042441606522
0.07421511858701706
0.07414815127849579
0.07408356815576553
0.07402421236038208
0.07397177815437317
0.07392696887254716
0.07388967275619507
0.07385926246643067
0.07383486330509186
0.07381552904844284
0.07380042523145676
0.07378892749547958
0.07378062158823014
0.07377528101205826
0.07377282679080963
0.07377322614192963
0.07377640157938004
0.07378221303224564
0.07379037290811538
0.07380044460296631
0.07381184697151184
0.0738239124417305
0.07383591383695602
0.07384713590145112
0.07385691702365875
0.07386470735073089
0.07387012094259263
0.07387291193008423
0.07387303560972214
0.07387057542800904
0.07386577576398849
0.07385897785425186
0.07385060638189316
0.07384110242128372
0.07383093386888503
0.0738205298781395
0.07381027787923813
0.0738005131483078
0.07379150241613389
0.07378342598676682
0.07377642095088958
0.07377055287361145
0.07376583516597748
0.07376223504543304
0.07375968545675278
0.07375809401273728
0.07375734001398086
0.07375728785991668
0.07375780493021011
0.07375873327255249
0.07375993430614472
0.07376126796007157
0.07376259714365005
0.07376378923654556
0.0737647458910942
0.07376536428928375
0.07376557439565659
0.07376532256603241
0.073764568567276
0.07376331090927124
0.07376154810190201
0.07375930696725845
0.07375663071870804
0.0737535759806633
0.07375019639730454
0.07374657392501831
0.07374277263879776
0.07373887598514557
0.07373495697975159
0.07373105883598327
0.07372726947069168
0.07372362166643143
0.07372015565633774
0.07371691018342971
0.0737138956785202
0.07371112704277039
0.07370859086513519
0.07370630055665969
0.07370421588420868
0.07370233237743377
0.07370061576366424
0.07369904071092606
0.07369756698608398
0.07369616776704788
0.07369481027126312
0.0736934632062912
0.07369209378957749
0.07369067370891572
0.07368919551372528
0.07368763387203217
0.07368597090244293
0.07368420511484146
0.07368233650922776
0.07368035465478898
0.07367826700210571
0.0736760824918747
0.0736738160252571
0.07367146760225296
0.07366905808448791
0.07366659939289093
0.07366410791873931
0.07366159558296204
0.07365907877683639
0.07365656346082687
0.07365407049655914
0.07365160286426545
0.07364916801452637
0.07364676892757416
0.07364442050457001
0.07364211678504944
0.0736398532986641
0.07363763153553009
0.07363545745611191
0.07363332211971282
0.07363121956586838
0.07362913489341735
0.0736270785331726
0.07362503558397293
0.07362300306558608
0.07362096905708312
0.07361894100904465
0.07361690253019333
0.07361486107110977
0.07361280024051667
0.07361072599887848
0.07360863387584686
0.07360652536153793
0.07360439151525497
0.07360223978757859
0.07360007762908935
0.07359789162874222
0.07359569072723389
0.07359348237514496
0.07359126061201096
0.07358903288841248
0.07358679622411728
0.07358456254005433
0.07358232587575912
0.07358008325099945
0.0735778495669365
0.07357561737298965
0.07357338964939117
0.07357116788625717
0.0735689491033554
0.07356674075126649
0.0735645353794098
0.0735623374581337
0.07356014549732208
0.07355796098709107
0.07355577349662781
0.07355359345674514
0.07355141341686249
0.07354923933744431
0.07354706078767777
0.07354488074779511
0.07354270964860916
0.07354052811861038
0.07353834658861161
0.07353616207838058
0.07353397756814957
0.07353179007768632
0.07352959364652634
0.07352739572525024
0.07352519780397415
0.0735229954123497
0.07352078706026077
0.07351857870817184
0.07351636439561844
0.07351415306329727
0.07351193577051163
0.07350972145795823
0.07350750416517257
0.07350528389215469
0.07350306212902069
0.07350084334611892
0.07349862158298492
0.07349639981985093
0.07349417805671692
0.07349195629358292
0.07348973155021668
0.07348751276731491
0.07348528355360032
0.0734830617904663
0.07348083853721618
0.07347861528396607
0.0734763890504837
0.07347416281700134
0.07347193509340286
0.07346970736980438
0.07346747815608978
0.07346524596214295
0.07346301227807998
0.0734607845544815
0.07345854640007018
0.07345631271600724
0.07345407456159592
0.0734518364071846
0.07344959676265717
0.07344735413789749
0.07344511449337006
0.07344287037849426
0.07344062477350236
0.07343838214874268
0.07343612611293793
0.0734338790178299
0.07343162894248963
0.07342937737703323
0.0734271228313446
0.07342487126588822
0.07342261373996735
0.07342035174369813
0.07341809421777726
0.0734158381819725
0.0734135702252388
