0.24210123656252397
0.12840147071393515
0.5004832590010801
0.7065812180297825
0.8207498637939876
0.7868388970721106
0.8013209541957877
0.7892866910958284
0.7987263895554172
0.7953348242906803
0.7488551058067064
0.8022657224129468
0.7629622310073654
0.7603177133395664
0.7516910349565495
0.8166705119826462
0.8163033640841111
0.727270292145499
0.7291611901967312
0.7661106776927775
0.7117544284015976
0.6828912617874934
0.6296832254889384
0.6450688734074755
0.6935299637548631
0.7407668761192617
0.6950177282480329
0.6877449691713161
0.729528508015026
0.6205351160802614
0.7243339041396929
0.640352430549766
0.6321016376674082
0.6939721956207261
0.6351120892305149
0.6231873885308473
0.6221030001213491
0.551925190552669
0.6195412272010279
0.6097844293459452
0.597775008855783
0.5966956782477164
0.5922844994080285
0.6402053837691002
0.6520098676634627
0.5784320312522293
0.5964298866708886
0.630312576952458
0.6318909852806569
0.5567102476310855
0.6076033474109136
0.5803419325728253
0.5340456677428216
0.5766367918133092
0.540386346911373
0.600404701477175
0.5446121362314532
0.6196315462574277
0.6408508666035873
0.5501265028637082
0.5594738314167542
0.5565387536189152
0.5320204620387897
0.5605710358579532
0.6047718593945269
0.5498936145874491
0.5516475577024226
0.5734115245813811
0.5480869088696672
0.5726657481987227
0.5258536232753717
0.5264177840353118
0.5921244982442078
0.6081986309919163
0.5746495885120035
0.5766423439634775
0.553882457494137
0.5444465360779002
0.5560157078642256
0.5320869119884762
0.5610369450429314
0.5550572068121511
0.5322828932918511
0.5334618169579486
0.544197651124408
0.5715515657535143
0.560930392846578
0.6199987588444233
0.5965979342931693
0.6234753884270002
0.5706677207702412
0.5777076115285804
0.5650557937335451
0.5820713553682467
0.5495775268936269
0.5507211787922245
0.5099688506271425
0.5352439357395741
0.5612422537157717
0.5900377660498247
0.560372295693985
0.5481914634524099
0.5448206003874848
0.6103372556520543
0.5237658776653523
0.5380089891908463
0.6327031838899261
0.5892829497165895
0.5415385411785986
0.5774750276834004
0.5798996015354707
0.5667338141344395
0.5592646208924968
0.5193073077685774
0.5809815274355712
0.5189733952151705
0.5742032321222241
0.5401691150345931
0.577881517485248
0.5453667753233056
0.5588778610435252
0.5674517681563115
0.5407403254701756
0.5640692846450428
0.6034602200208404
0.5178009473828421
0.5071221728796258
0.5168402106764118
0.5230758706046065
0.5136694693737083
0.5383854584961523
0.5298736335391337
0.6015409387986506
0.5858139422517603
0.5357311016502326
0.5249972013988539
0.5353647708287208
0.5035847517427527
0.5281137635050276
0.5124527376694055
0.5601136874932872
0.5583486553165161
0.5317702680898768
0.5531632231590112
0.5101037470508912
0.5829742481409479
0.5384870144288868
0.5050839539555594
0.5695228252780616
0.596187159728955
0.564651375559672
0.5755833882553467
0.6372268642795483
0.5388159895972563
0.5357408587930912
0.5357014516003431
0.5429407887814487
0.5125569198535198
0.536835586704177
0.5226293730744572
0.54372943140289
0.5609205088357581
0.5763822786491714
0.5485411338954946
0.5392348346702328
0.571041147576948
0.5474851940038338
0.5530010041105263
0.5774250503299003
0.5671599507441616
0.5432328120691363
0.5802093190988223
0.5751169937603607
0.5992345406394154
0.5545909298579494
0.5807353614279781
0.5491390023006814
0.5220089391298022
0.5611138619866404
0.5343471903553696
0.536684942119425
0.5848664490547794
0.5643937562258434
0.5913933433734017
0.5709308791949123
0.5682206585484085
0.5514461207760099
0.5392466336318511
0.5750233880216425
0.5341549016032866
0.4949699609082943
0.5550869102471909
0.5264099647010329
0.5452420389247697
0.5196641957833937
0.56279773670651
0.5518462936799248
0.5455172117400291
0.5451059221969028
0.5665718751731208
0.5695252007116209
0.5903283325401658
0.5358010681814174
0.55582037147768
0.5328677267397464
0.5262176107010526
0.5125700410759979
0.5398012431383872
0.49976102892904023
0.5651848584003969
0.5033340899442738
0.53227579361576
0.5224159714627785
0.5408690430614806
0.5303904676650812
0.5929437627584507
0.5633038290920552
0.5980483345404217
0.566992155377294
0.5697047875117394
0.5795924312716852
0.5487222168761902
0.5620161821557856
0.5502443565330651
0.5406963530270785
0.523858896883801
0.5461259855419698
0.5386920369811629
0.4970517653652293
0.5505739264914462
0.5589744468719664
0.5653662956167962
0.5400090491564697
0.5051979107271486
0.5485273781490796
0.5329575472297696
0.508950969182917
0.5091816520698007
0.5223178016914375
0.5315912795591531
0.5072334332420466
0.4814309874358644
0.5508661619186499
0.559974551183601
0.5316087903161183
0.535967532436504
0.559004521247604
0.5415107799034429
0.5381742570478433
0.5193885649602995
0.47976639895483053
0.4800287301759808
0.5118983869296059
0.4878417774454606
0.4917061887604999
0.47868672426360764
0.5260223049520409
0.5153927691953315
0.4788730944693822
0.4501415633957115
0.5107905299450377
0.5377208535934453
0.49773035560230977
0.5415364414435254
0.5418185176736502
0.5177931926136947
0.5714418101942847
0.5044996248508542
0.5008307663849305
0.4666824224403402
0.4814041396977773
0.4672905127157838
0.5157639599126127
0.5025651581760511
0.5140187803270485
0.5696887717160858
0.5129288767789582
0.48333054609006537
0.5387141271528246
0.5196648449032981
0.512431389644241
0.5183593822768809
0.5130334203578807
0.5280299666957264
0.564401717916814
0.5317744253533225
0.5337596798739608
0.5438856322175136
0.49991221138678765
0.5226629331866706
0.51688302004031
0.5161009171003935
0.47411625039777655
0.5153523997486658
0.49022766375586435
0.5687622385800901
0.5137358455194803
0.6313053282655429
0.5634448149712428
0.5872318118666872
