0.3020253262259321
0.20483215608307187
0.8614099499240684
0.9400305194650871
0.9383634518323822
0.9344020833466727
0.9304289574082489
0.9509969547195956
0.9346242445424542
0.8269638965181987
0.89830065943709
0.9222569907905103
0.8981387091288889
0.9659940420268189
0.9289244385951678
0.9200841594616869
0.8661361455250987
0.7847774811698713
0.8298481234093849
0.8829824681691942
0.9476201358157846
0.978103663676132
0.937756471842879
0.8891519477272993
0.8765923166842094
0.9093752557948497
0.8978116085981893
0.8844015223294358
0.8958584410508482
0.9012616253717942
0.8198573359525115
0.7871287494826602
0.7706791684825285
0.8331888365633506
0.7914731176290302
0.7968716652380706
0.7848482694269178
0.8330744096748284
0.8402804945894644
0.7644382035288875
0.6793357842918802
0.6935364462366033
0.7067655818911182
0.7135995975426598
0.7079680056428056
0.6826567351422803
0.7295213593616265
0.7259141510185421
0.7839491951779296
0.6954514953904265
0.7053818730801069
0.6429823536549633
0.7145780069081277
0.7448341909588648
0.6879344435963516
0.6435909110047461
0.6696525938747038
0.625847373409411
0.6620649039962078
0.6868438016142914
0.6759054282061585
0.663874152994308
0.6544956706574925
0.6522997901472853
0.5963443534412687
0.6057645913102913
0.6555724840776425
0.6404697390201214
0.6473435292882538
0.5814819277165686
0.567478233265705
0.6166785716349089
0.6119743792977073
0.5969140913401676
0.6112183957743288
0.6259776583692985
0.6199047896420844
0.6032783591337542
0.6127373855022946
0.5835483599353222
0.619358902773765
0.5867940738072941
0.6665421905841145
0.6298094128308634
0.6081933192672352
0.5984034371929579
0.5947273002440553
0.6329740706558223
0.5994811599883213
0.5625091177724857
0.5637579210156585
0.6075986136128375
0.585207894259117
0.5491229182648414
0.5774095434652586
0.5149702826812073
0.4970070267469938
0.5154699187735488
0.5714089393688738
0.5628964224954701
0.5489824446766242
0.5660013061199086
0.5906245039709056
0.584118968162305
0.5614760723874899
0.512290747174701
0.5555612262660827
0.5969158320342469
0.5356670385629212
0.5113832258870266
0.4976469657868073
0.5741987808044205
0.5866812755705514
0.5192395562975626
0.5638351254778533
0.5325975487252135
0.545394667511447
0.4728007037811519
0.5571595688849562
0.5201528378780613
0.5210707927889685
0.4950575995147369
0.5102044641748493
0.46967840630456975
0.5468110131340176
0.5542352865708148
0.5243445298415084
0.48438756195208643
0.5265699157658161
0.529789981685095
0.549139197215448
0.5577879814296801
0.5584560366156536
0.5248326975263596
0.5385306250475703
0.527393286717515
0.5305192157499435
0.6019362024598869
0.5405597056373898
0.508241689239404
0.49578956528797136
0.505969951263741
0.5304795853591928
0.5134787152543194
0.4870266746413252
0.5107801857947654
0.5030552782108242
0.5172760680811265
0.5247529881341164
0.5300728139395728
0.5931791859416473
0.5484997337461326
0.5675379950567097
0.5445163588076966
0.5264969630123403
0.5196933343942823
0.567222558620537
0.5123543914143038
0.4911771163035189
0.5455621896674713
0.5564591905074063
0.5653493693686211
0.520797145526399
0.5253705196679042
0.47266871555868456
0.48521209041669683
0.5104103670290698
0.507279013208537
0.579177660478445
0.5180477734135139
0.5427567132233608
0.5498810218702286
0.49800253471789313
0.5212215389189006
0.4977028702938881
0.4904771229301678
0.5176957584894738
0.4948860567156254
0.5063500188191995
0.5434324505906295
0.5351222182087226
0.5526226730929032
0.5090514142730493
0.5198300451273491
0.48947811420746856
0.5122577145209599
0.5243668224114958
0.477951176610789
0.5044772988769166
0.5051048425797641
0.4948417241311979
0.5123531005809585
0.5148593688059043
0.49892882052010146
0.506261522138745
0.4850933917708634
0.48391534484072685
0.5207160236536869
0.5088984983587981
0.5005622106491513
0.509568440441998
0.5246909381622016
0.5434265553570142
0.5176337852697181
0.5078505630789254
0.4961847992282139
0.5573372384508293
0.4947882915245456
0.4728596332544834
0.4973525199385345
0.5224389998443488
0.5178271397886273
0.5428579393568689
0.5378883452244214
0.5477793639589925
0.5310093314086701
0.5417554517819549
0.5050977264690604
0.5416672671323035
0.5285453935871097
0.5409723841379962
0.5322393953800744
0.5022271049048185
0.4946356319173377
0.5317786424381714
0.564621063486531
0.5600177287940585
0.5701262685689699
0.555418693461901
0.5687762282007011
0.5211266962504539
0.5565991192276714
0.5551947846415282
0.5489808837847298
0.5444309984550368
0.5496018741477509
0.5432796466661224
0.5620890118035047
0.5201987130967238
0.5402946099727923
0.5142468321417067
0.5036697363426981
0.535293754482897
0.5281785059527422
0.5446266043727405
0.5848709196606473
0.5190472146134455
0.5257151506874567
0.5395310359747747
0.541884399754303
0.5639532033083926
0.5508998101911482
0.5361315137911606
0.526131657393312
0.48641862391685564
0.5197429562669724
0.5522813854480073
0.5571882568774278
0.5578499949531058
0.5328025406631813
0.5203956176380374
0.5008695117152839
0.5657806100264519
0.5758390556032192
0.5379722601706084
0.5378998212278504
0.5498104119516758
0.5314365683333242
0.5170939630478728
0.5127329319347331
0.5091396280425833
0.5386558642400303
0.5213623636359166
0.5550436242851597
0.5350668656197781
0.569265462264106
0.5291989681693652
0.5090879320557592
0.5102813348694505
0.5142943813634318
0.5430557146286482
0.5456921693223602
0.5421101393171153
0.5246329995166834
0.5129034651813735
0.5214397595308761
0.49612028088417104
0.5043403061444424
0.5344848174242489
0.5197226976004563
0.5608852160214693
0.5184278949074838
0.5308195965294512
0.5907318557684168
0.5918907699010167
0.5642960329686224
0.5432160405566675
0.5482018515006678
0.5820055846868974
0.5843264142601872
