0.4821187866158262
0.42845349903141294
0.9271493604517497
0.9908307016297915
1.0028973235436534
0.9482246392439405
0.9742773220619355
1.0086478892322677
1.017700826074328
1.0035504652785452
0.9947647776407287
0.9783616140150981
1.028208293671939
1.037950201606654
0.9855237477773843
0.9917566137384355
0.9512086663587471
0.9455642797156256
0.9879873344759297
0.9432533318034565
0.9566703861341816
0.9818060895727987
0.9579428734220082
0.9661592367755188
0.9134182984377526
0.9839639737913183
0.9294841816451568
0.9485960753491696
0.923554773330699
0.9543480338022915
0.8879237784937317
0.8683784891411463
0.9231263472792935
0.8848722198718024
0.8725597142435524
0.933725551827313
0.9298394208188643
0.8931464971587122
0.8872044089071572
0.897917014191019
0.9208127999705583
0.8957796832597971
0.8420680545274706
0.8584139385460731
0.8670764027595086
0.8558677491603932
0.8202024317674397
0.8173634426443026
0.7562639555719001
0.8953573208673763
0.8910529218989719
0.8998245117713799
0.8674707968634996
0.838227084082558
0.8667248314818657
0.8545869664940493
0.8711183350521748
0.8671243370404655
0.8395358111723616
0.8848146484491959
0.8702364332991032
0.9001920183781156
0.8940086932837078
0.8641395891873567
0.9098087763299529
0.8938266421933921
0.9065377089312019
0.9020691081760951
0.887336182365255
0.8354090821919767
0.8390503213758098
0.7788668409686006
0.7702903070568812
0.832093032762014
0.8227836310796885
0.7842076492019641
0.7916482833682471
0.726085020051668
0.7693189579195405
0.7378803356970431
0.7470641009398464
0.7269863909775705
0.7812990185193993
0.7661977859788418
0.7152315955771182
0.7785070610534752
0.7233184778308812
0.7640176450477939
0.7358461288387563
0.7083336233928332
0.681634892817055
0.7111241741395904
0.7023401995709607
0.6986768253089746
0.7115483027616655
0.7149254320413572
0.7091679315370907
0.7458297840421688
0.7435484183417634
0.683877933539982
0.7238857273806133
0.7120473086599477
0.7110991711584096
0.6507380420732949
0.641521064785516
0.6231781585605536
0.6854768687970092
0.6339720348982574
0.61404113268736
0.6437027150359927
0.6407847638857596
0.6264181468229503
0.6014849732778444
0.606276983665935
0.6454649800885118
0.6303021843911345
0.5915696367647952
0.6159797027765384
0.6092364162433117
0.5941061680012587
0.6246191460192746
0.6044430304380468
0.6119542577674373
0.626827365791136
0.5870112245324528
0.6039034865670574
0.5771741994180533
0.6271226802345711
0.6082209048516185
0.654347315349183
0.6411432993103653
0.5680525077575548
0.6016633339663943
0.5976309472386556
0.6235307990451125
0.640649814801179
0.5759601186000514
0.5923478864090088
0.5502321892636898
0.5627660456397946
0.5342455482652477
0.5692566273810838
0.5882373690813827
0.5629677776860463
0.5733451493848035
0.5722903069608096
0.5462337074766109
0.5943405120766035
0.6286739994757875
0.6498773474905903
0.5907463168712729
0.6188123064398904
0.5708419575756783
0.5918004525386712
0.5331140117621084
0.5406408251867042
0.5790927865871394
0.6258425894272566
0.5738423385607072
0.5908623127616962
0.6381418560099684
0.597969637324425
0.5911654144736858
0.5467191037467689
0.5812467544754896
0.5679844069970532
0.592908398081238
0.5815634744355169
0.5637332079207446
0.5898904704592173
0.5995458304087479
0.5929695791436131
0.5488108785919398
0.5688634515204335
0.5431253017741131
0.5416958673764658
0.5452665596732087
0.5575970669030594
0.539433559473868
0.5491873869307942
0.5425095220549435
0.5437524362556008
0.5352057767137443
0.5250689470174692
0.5304709972066545
0.5305708110401899
0.5393458414984557
0.5278321983522288
0.5128019045813651
0.5357426156275344
0.5156136128187365
0.49627790126459503
0.47981742469057587
0.583061584488022
0.5089620605800337
0.5686480844464148
0.5123379048645645
0.5565342890218979
0.5460512982696629
0.6083247095958076
0.553222560063486
0.514532503844572
0.48869613790372907
0.5194100237852166
0.5056270875170277
0.49380398204685994
0.5171520424076749
0.5331127967515764
0.5128124142059649
0.536447245693521
0.5584191337961677
0.516219486836177
0.5368767879355724
0.5046938608830764
0.5191095724717656
0.5674349818505131
0.5413330985938684
0.5411260282468003
0.5557813910086529
0.5587733993496595
0.5540815811686849
0.5196834849086344
0.5405656990433487
0.5430045247331992
0.5607340253999388
0.531969033298857
0.5128894882481174
0.5499342458525881
0.5021253302762257
0.492681255535525
0.5443070946408601
0.519612584971536
0.49792300273952933
0.495261384785785
0.4979431366914275
0.5359569476445304
0.5362765389537312
0.5265854249042655
0.5082455992840625
0.5725410247878314
0.5749435551541929
0.5360640286826319
0.5717618937287834
0.535803424536389
0.5376931384857955
0.5853680712121198
0.5828118753160745
0.5767685280937407
0.558605597436556
0.5608291196858857
0.5684220170386719
0.554145608645555
0.5279681737464607
0.5249497189389803
0.5328528415729623
0.5306010413748005
0.5377064894393218
0.5576772258406806
0.5243986770231558
0.5279817094783359
0.5073986147175605
0.5384115646786283
0.5432077195817409
0.5403617322905148
0.5489736712106911
0.5623780010827878
0.613877783093548
0.5543216919915562
0.5645847642829741
0.5252164077560846
0.5372739631265897
0.5519208131710663
0.5419634154919081
0.5062241557012501
0.5354837137808282
0.5495779105381844
0.569766546583757
0.5449296816603211
0.5322267168675733
0.5166537931976161
0.5148769332557863
0.5723075005648708
0.52973394239217
0.5371887182552744
0.5206674609624304
0.5338859730157904
0.5713804482925331
0.5279263028373168
0.5210790155865213
0.5322676226049536
0.511544727777531
0.5237895989840756
0.5460446001735073
0.6181926227227367
0.5996467550811821
0.5734334734413172
0.610940696809006
0.5666175860071794
0.5467257010629497
0.5204199659371134
