
changing learningrate
learning rate: 0.1  mses: [0.78197494 0.43703601 0.25645362 0.16036983 0.1073501  0.0763208
 0.0573102  0.04514886 0.03684842 0.03116533 0.02688548 0.02366957
 0.02105768 0.01904717 0.01723596 0.01582672 0.01450197 0.0134672
 0.01248383 0.01163112]
learning rate: 0.2  mses: [1.08326031 0.3609982  0.16270073 0.09549535 0.06525601 0.04868408
 0.03823449 0.03124248 0.02560907 0.02153898 0.01835818 0.01562398
 0.01351731 0.01186627 0.01040236 0.00915441 0.00813231 0.00729713
 0.00650305 0.00590867]
learning rate: 0.3  mses: [1.12106104 0.25401183 0.13859948 0.09577918 0.0715586  0.05589808
 0.0430981  0.03526501 0.02862289 0.02381815 0.01980043 0.01625635
 0.01399913 0.01170374 0.01019173 0.00858474 0.00748884 0.00651543
 0.0056193  0.00488888]
learning rate: 0.4  mses: [1.00378814 0.1660618  0.07355024 0.04801726 0.03230571 0.0228484
 0.01630929 0.01296397 0.01037946 0.00797873 0.00604763 0.00501516
 0.00393856 0.00318182 0.00262917 0.00207669 0.00178528 0.00147229
 0.00128342 0.00111895]
learning rate: 0.5  mses: [0.81553297 0.10244391 0.04190442 0.02896148 0.01918041 0.01505546
 0.01236906 0.00910518 0.00768309 0.00600673 0.00491945 0.00369886
 0.00350281 0.00289919 0.00250379 0.00203351 0.00174023 0.00148956
 0.00128583 0.00113863]
learning rate: 0.6  mses: [9.93168886e-01 1.02451051e-01 3.12683880e-02 1.81154892e-02
 9.45560382e-03 5.96917493e-03 4.20646259e-03 2.97863037e-03
 2.33818693e-03 1.56676150e-03 1.21540676e-03 1.01842015e-03
 7.94667369e-04 6.37179016e-04 5.97458892e-04 4.95400615e-04
 4.75619465e-04 4.26543970e-04 4.02305585e-04 3.78275059e-04]
learning rate: 0.8  mses: [8.05223798e-01 7.87498403e-02 4.12711927e-02 2.77510518e-02
 1.47069186e-02 1.27428638e-02 6.82573401e-03 4.55853382e-03
 2.97919741e-03 2.09270533e-03 1.42310751e-03 1.00227539e-03
 6.43120881e-04 4.92797111e-04 4.11267797e-04 3.39207654e-04
 2.35804626e-04 2.54339048e-04 2.21301929e-04 2.16150187e-04]
