0.47923098004132747
0.36402716612677555
1.0055813803665206
1.031818050761435
0.9814429338327406
1.001628474037843
0.9530120408031589
0.9757647864498618
1.0313322736576984
1.0462853799695968
0.9901054270340637
0.9731693247767691
1.005135577411205
1.017048497587679
0.9963153992420226
1.0137929077968368
0.9730665192236465
1.021141089475797
1.023101639448242
1.0114733859696259
1.020067877357877
1.0141662206866475
1.0093803635058936
0.995559190142885
0.9956858237849403
0.9819909620438937
0.9784587913434862
1.0006643871451877
0.9731276246474408
0.9367558092817994
0.9774085019272934
0.9705488132038369
0.9949993315492405
0.9520600861894396
0.9637201816914042
0.9528304045782603
0.9705312978944811
0.942725627777274
0.9387786833162505
0.9246483430150404
0.9363522213884895
0.9177623890449441
0.897009046384275
0.9083421356593819
0.886289475712131
0.8833427971648634
0.8368221458014098
0.8861128457607512
0.8961971179199353
0.9133829510428917
0.9095553658093758
0.90108843641933
0.8581531475663386
0.9140272019413601
0.9005920374564319
0.9061121636041298
0.8862820536777756
0.8587079798861303
0.8686345988444512
0.8309058614922311
0.8489211460552133
0.8291623994059798
0.779425448002796
0.8185307448788895
0.8675319957122776
0.8296460217932123
0.8450641308967366
0.8462921632969465
0.8395433372639699
0.8717733918902484
0.8779071339573721
0.8837303112617316
0.9108338806102445
0.8437782241601569
0.8718122565739966
0.8168326050012865
0.8249818180761309
0.7942990912656758
0.7862204951810524
0.8279660215941604
0.8029089734250613
0.7699358890929652
0.7973485786699925
0.7537394318400839
0.814984217645798
0.8086553558477718
0.8000344101681307
0.8124116411113942
0.820477483175891
0.7925100106619046
0.7938865772832878
0.7745108430045
0.7836253407031045
0.765965580579549
0.7787245313865181
0.7725462899192648
0.7605571246658727
0.7562088915802135
0.7560472372017355
0.7587870557812174
0.7454744161103566
0.7704793492273383
0.785625360608283
0.7597681246198292
0.7579850057809658
0.7498145869287752
0.7254791106010804
0.7372438656172319
0.7164898461306011
0.7210120787482697
0.6947850764181271
0.7355449819463954
0.7013072174204773
0.700711854221838
0.6825532673428423
0.635420971384348
0.6464302304580187
0.6665295724448091
0.6552107624469112
0.7180537673833953
0.7346881702616898
0.6946201942384482
0.7085622510852361
0.7076823217155502
0.6837835793233119
0.742287574734248
0.6884092128557696
0.6627722717965809
0.650094728557327
0.6585953408043739
0.6803503049385784
0.6586402681072551
0.6936430567117517
0.6911787855041236
0.7156651298069123
0.6917611999983274
0.6971306551020086
0.690829483238203
0.7063001276964715
0.6854462588029825
0.6789296904154093
0.6883275802246549
0.7053243366327047
0.707618161389305
0.7111155623598383
0.7003698780100932
0.6613059677781943
0.6589640551086795
0.6668415842872393
0.6707986671352637
0.6700013418226405
0.6532410201951617
0.6425808124349571
0.6153412439084487
0.6048702934803857
0.6078729184315452
0.6427337063285081
0.6621167207024785
0.668863280741036
0.6389491957670294
0.6522734074027593
0.6555415386897608
0.6826780998216369
0.6285861849202091
0.6973926448324543
0.6766172890107928
0.6747019269693098
0.6683114277282141
0.6855194269985526
0.664906772261593
0.6753880599504765
0.6621828559179133
0.6831306331540901
0.6368735212206611
0.6617276094735177
0.6527578505356517
0.6587092992893389
0.6399511666987726
0.6219471975534094
0.6341358205129562
0.6623682944116838
0.6298860136744542
0.6016621623959127
0.5940563592139487
0.5806965484210987
0.5851547860897359
0.6226076374649916
0.6111539561256965
0.5869584204965096
0.5829133213665939
0.5895254715095446
0.5859684969093228
0.5623725166336105
0.5514426410198872
0.6263618842239717
0.6079912094912575
0.5789706065636103
0.6193924247275129
0.5857100943445201
0.5842475929044053
0.5880213429340471
0.5882764157964131
0.5911587055687806
0.5990067342119483
0.5682985111380787
0.5846753777696188
0.5627990461743194
0.5517894694989355
0.6043030624046695
0.6042254113729355
0.6031728490189153
0.6082214022117832
0.6290173556121844
0.6142067153993417
0.6039409445732643
0.6235665269711247
0.601751358599065
0.594129267387064
0.5975631846798544
0.6192463019079841
0.6331712969868166
0.5795248287806397
0.6083010676647638
0.6069744920862983
0.614850621542294
0.6111877172271674
0.6502720328892028
0.5936346397626996
0.587757166570014
0.6027515302528437
0.5918142929801575
0.6019434053779593
0.5812893553394014
0.593526589483688
0.5681332192195008
0.5759772808598618
0.6111391744016266
0.6295285583509296
0.6123011914017067
0.5671686937020981
0.5606526677085604
0.6148737832678783
0.6533652943610451
0.676309301355155
0.6058077516011124
0.6082406217620402
0.6482832793086097
0.6181246077986194
0.6074457934860292
0.6116316645455903
0.6105684111188915
0.5956757754722211
0.5610451510517844
0.5556215162217355
0.5818859451021474
0.5691586600048005
0.5633453134801604
0.6013221377145979
0.5921779447189832
0.6246537973773317
0.6045782105352007
0.6071693671800095
0.6060412551803724
0.5978564901325866
0.6085414534520863
0.5853969326139489
0.561302736663386
0.5520737840280813
0.5695005150222665
0.6127921525164426
0.5961255426152323
0.5676865210036086
0.5713494701325553
0.5732534325362836
0.606410391665243
0.579052176788581
0.5987712994946628
0.5636967637865404
0.570118040862288
0.6120123415075991
0.5789511721254146
0.5965719053654658
0.5783275833120471
0.593802704428108
0.5760816682394643
0.5763577414669232
0.571575657106609
0.5766452271803899
0.5564084665484492
0.5662979151255546
0.5625196122299786
0.5579710238407959
0.5562626348510624
0.5489600464772153
0.5855754856278249
0.5874386087550448
0.5807032199239603
0.5838325811217653
0.5768043593980113
0.603141401314283
