0.17134282243931262
0.16469407909326342
0.2860117821659701
0.267329577280244
0.5271530036339042
0.5720144847319454
0.5526952887750677
0.5951997741460802
0.558970977516213
0.542117261685093
0.5270431970718802
0.5265257521924245
0.5476257380322711
0.4836598462356741
0.5505282142865853
0.5130839106181408
0.4763639648221664
0.5034176991249699
0.5184860523703063
0.5687031045051951
0.5983111451425192
0.6088984953166008
0.48260895987098384
0.49324059256473535
0.5119800643111414
0.5737381607474211
0.499769973755818
0.5269454788862318
0.6375767210572436
0.5427666774224577
0.5709831807611593
0.579091761061224
0.5989528776054629
0.5420923222913434
0.529888473356466
0.5200689998600767
0.5839530980563106
0.5778975222391305
0.5676346686619805
0.5367728284005769
0.5032931754879084
0.5314512776831852
0.5091278207402066
0.6034732116129765
0.5609825766866146
0.5952465002930962
0.597248817258835
0.5503965443215882
0.5609484200538287
0.5267890003994626
0.5428906672855234
0.5708086413245617
0.5621937786116712
0.526806840243948
0.5858257972594751
0.5679163384591931
0.5996523854552297
0.5386586409092734
0.5656387188630256
0.5690543454381248
0.6300496237861959
0.6036217524686668
0.6145036291203751
0.5988655749582527
0.5585862990579293
0.5839143535083602
0.5669008941241086
0.5525916942159791
0.5572605560590324
0.5177679972291808
0.5414334679273427
0.5679726378611074
0.5546245552336123
0.5583704484779508
0.5528172543866583
0.5590713081801479
0.526945471819825
0.5166480661953341
0.5333151508327829
0.5234159113591804
0.5678493166447117
0.5547565504821705
0.6000554828364175
0.5723235980002019
0.5804005166201471
0.5571942896782385
0.5892773948847976
0.5640272270958056
0.5639755574556113
0.5571531995966306
0.5554184030724147
0.5414933879525498
0.5224795752301434
0.5673856239663706
0.5381939198985548
0.5687609417741643
0.5789240374947375
0.5263682104133451
0.5111296443378774
0.5825630074823545
0.5403870523021755
0.5291449875723566
0.5740140394401284
0.5418971441506656
0.5411769377409599
0.5209687038897508
0.5244022454657735
0.528649967831018
0.5571024347806484
0.5290637674465417
0.6430800452692054
0.5827350299806224
0.5620116022489662
0.5388930448294366
0.5244809424078661
0.5344291826972918
0.6040729240635445
0.6215425538840511
0.6076897097121637
0.5566731230196302
0.5294842033508143
0.5665668846239675
0.541166564028262
0.5229917446892886
0.5895587101469034
0.5947293500211764
0.5754535554566158
0.5645286656710728
0.5416414476132028
0.5088242703567077
0.6017004766708987
0.5965468216018761
0.5703443938202948
0.5597568632414966
0.5654349259017486
0.5422820064735749
0.5848263492284027
0.5995426941305758
0.6080731186219286
0.565604202134047
0.542894317307874
0.5139033440833083
0.5921186116804398
0.5822765489258392
0.5200242167591438
0.5658979170844916
0.5903805350726972
0.5793799545772944
0.5742686254546671
0.5454935741878308
0.540216948429464
0.5939047751346271
0.5503731550052805
0.5493226273921222
0.5718868277838309
0.5666313591732741
0.5620358159716863
0.5440961767496038
0.5572352432170142
0.5580283468356574
0.5437678844596414
0.5485879536223397
0.570450748957531
0.5210786676583956
0.5600636339863836
0.5593789933600475
0.5535711701108968
0.5507072670878439
0.5554880651963252
0.5535782263131253
0.5623344403825968
0.5618602875801975
0.5118593245679547
0.581405341134036
0.55151289154502
0.5686022261501295
0.5074173706169802
0.5282009899569868
0.5489909042481046
0.5517281961068383
0.4896777765836443
0.5510628511198131
0.6288882087202652
0.5391939910102262
0.558627357570584
0.5644627998252753
0.5432217549920385
0.5580357469334151
0.5797430449778549
0.5462200184743276
0.5222598222985811
0.537614653392892
0.5338785104573438
0.5576098249263083
0.5344464685062787
0.5339717299689425
0.5597906187816528
0.5731783533178703
0.5459578009705335
0.5435915986931505
0.4905043363538283
0.6196055158505605
0.5766350254504331
0.5764224597626225
0.568066839364221
0.5616543623757396
0.5700198680281938
0.5627537276531773
0.5345868355589244
0.5783468142853003
0.5971953774098072
0.5519908396210691
0.5711906775587055
0.5595300676582922
0.5581286461135726
0.5657280944993011
0.5465600604198734
0.5438963435861224
0.5646074089265523
0.5538163877852524
0.5789143425111138
0.5649077294760152
0.5615834232667049
0.5481679023094259
0.5194130449159938
0.5684840316586375
0.5499210229299999
0.540317763374558
0.5347476286120514
0.5406436421356939
0.5438186402462022
0.5960522817504682
0.5766177683945719
0.5853329815002389
0.5784154663218894
0.5833009253940966
0.5621170571038254
0.5492925008535926
0.5927614170831734
0.541256314365742
0.5758180669671114
0.5582528414885984
0.574465140247143
0.5530436095499076
0.5483153810729859
0.5120426570472136
0.5899493118287686
0.5980946708650665
0.6111836415047457
0.583899588321124
0.5683009348578958
0.558649866985121
0.5715050515233664
0.5763304878274481
0.5404143086181782
0.6285611048703895
0.59008414324704
0.5861938479114119
0.561340628401698
0.5421635332327805
0.5722989731036
0.5826914826206693
0.5816029872219808
0.5512179230443027
0.5279823469829611
0.5665953785457578
0.580524827237101
0.5769441081332369
0.5322720291346846
0.5770277309896572
0.5568451465673644
0.578930635455239
0.6173473571118728
0.5774899486618319
0.5571660279183772
0.5858358962416186
0.6142485088266716
0.5902620394325113
0.5934458916063228
0.5473077268397889
0.5530147434908066
0.5619636777149246
0.5473233140140918
0.567286010648888
0.5601598927235172
0.550872223301328
0.580018142777402
0.5248015207991051
0.5714460117154808
0.5718478577897753
0.5649639151523724
0.5932668738502027
0.594508025775365
0.5734638627654425
0.5758631877988714
0.5570443621694723
0.6040480293649756
0.5809951531683689
0.6020537931605571
0.5494134355823501
