27
TRAINING LOSS
1.9624093770980835
1.9291586875915527
1.867095947265625
1.7810932397842407
1.6761778593063354
1.5573056936264038
1.42918062210083
1.2961201667785645
1.1619617938995361
1.0300050973892212
0.9029863476753235
0.7830773591995239
0.6719064116477966
0.570594847202301
0.4798053503036499
0.39979755878448486
0.3304887115955353
0.27151450514793396
0.22228896617889404
0.18206164240837097
0.1499696671962738
0.12508440017700195
0.10645201802253723
0.0931273028254509
0.0842014029622078
0.07882297784090042
0.07621390372514725
VALIDATION LOSS
1.850600242614746
1.7899582386016846
1.7059534788131714
1.6035248041152954
1.4875425100326538
1.3626290559768677
1.233025074005127
1.1024975776672363
0.9742822647094727
0.8510586023330688
0.7349479794502258
0.6275351643562317
0.5299044251441956
0.4426874816417694
0.3661189377307892
0.30009597539901733
0.24423880875110626
0.19795042276382446
0.16047291457653046
0.1309390515089035
0.10841862112283707
0.0919584184885025
0.08061590790748596
0.0734863132238388
0.06972374022006989
0.06855640560388565
0.06929667294025421
